0.0014685 0.7414885 0.2570429
0.0000994 0.7539030 0.2459976
0.0000991 0.7764602 0.2234407
0.0000995 0.7112427 0.2886578
0.0000991 0.7980083 0.2018926
0.0000992 0.7899251 0.2099757
0.0000989 0.7975905 0.2023106
0.0000990 0.8108104 0.1890905
0.0000994 0.8174769 0.1824237
0.0000996 0.8148848 0.1850156
0.0000998 0.8311678 0.1687324
0.0000996 0.8501329 0.1497675
0.0000992 0.8113673 0.1885335
0.0000996 0.8151947 0.1847056
0.0000997 0.7011882 0.2987120
0.0000995 0.7155930 0.2843075
0.5536960 0.4462044 0.0000996
0.4654080 0.5344924 0.0000996
0.4446945 0.5552059 0.0000996
0.4883732 0.5115272 0.0000996
0.5322235 0.4676769 0.0000996
0.4247347 0.5751657 0.0000996
0.4920163 0.5078841 0.0000996
0.4879901 0.5119104 0.0000996
0.0000994 0.2621389 0.7377617
0.0067088 0.2401297 0.7531615
0.0000998 0.2772537 0.7226465
0.0107441 0.2259221 0.7633337
0.0000997 0.2094792 0.7904211
0.0000991 0.1575549 0.8423460
0.0000984 0.1931359 0.8067656
0.0000995 0.1853749 0.8145256
0.0000992 0.2153792 0.7845216
0.0635891 0.2591210 0.6772898
0.0609091 0.1971329 0.7419580
0.0000990 0.2415151 0.7583860
0.0108908 0.2265799 0.7625293
0.0076152 0.2188982 0.7734866
0.0000998 0.2589074 0.7409927
0.0011590 0.2390131 0.7598279
0.1157709 0.3054762 0.5787528
0.0740944 0.2060204 0.7198852
0.0182130 0.1482054 0.8335816
0.1209000 0.2532758 0.6258242
0.0938730 0.3207200 0.5854071
0.0217942 0.2512025 0.7270033
0.0807303 0.2087489 0.7105208
0.0211939 0.0296371 0.9491690
0.4626874 0.0763392 0.4609735
0.1821524 0.1726890 0.6451586
0.2589258 0.1337700 0.6073042
0.3001209 0.1542854 0.5455936
0.2234026 0.0985313 0.6780661
0.1868667 0.1976455 0.6154878
0.1774330 0.0885396 0.7340273
0.3005573 0.1339483 0.5654944
0.2945695 0.0403061 0.6651244
0.2584560 0.1051186 0.6364254
0.0134263 0.0666802 0.9198934
0.2128984 0.1217283 0.6653733
0.0000998 0.0601717 0.9397285
0.0073142 0.0036375 0.9890484
0.0120069 0.0020082 0.9859849
0.1242409 0.1222676 0.7534916
0.1476546 0.0480940 0.8042514
0.1075098 0.1401180 0.7523723
0.2068657 0.0290961 0.7640382
0.0187831 0.0343203 0.9468966
0.1725617 0.0001001 0.8273382
0.0344715 0.1965599 0.7689686
0.2154037 0.0414229 0.7431734
0.3616301 0.0605774 0.5777925
0.3335460 0.0706576 0.5957964
0.2171306 0.1976061 0.5852634
0.2313200 0.1102815 0.6583984
0.2130986 0.1465421 0.6403592
0.2856972 0.1243696 0.5899332
0.4037274 0.0420740 0.5541986
0.2876222 0.1335102 0.5788676
0.7286371 0.0001002 0.2712627
0.7459114 0.0001004 0.2539883
0.2578891 0.0261735 0.7159374
0.2993650 0.0755209 0.6251141
0.2044257 0.0950906 0.7004837
0.4604500 0.0001001 0.5394499
0.3380124 0.0377048 0.6242829
0.9804377 0.0001002 0.0194621
0.3239390 0.0402944 0.6357666
0.5140626 0.0001000 0.4858374
0.3731142 0.0001006 0.6267852
0.3794323 0.0001006 0.6204671
0.2606236 0.0770079 0.6623684
0.7630137 0.0494016 0.1875847
0.3069204 0.0284600 0.6646196
0.8552274 0.0001003 0.1446724
