0.8842021 0.1452152 0.1030281 0.1307181 0.1085162 0.1023423 0.1038082 0.1121750 0.1055175 0.1026301 0.1046333 0.1124313 0.1004333 0.0991103 0.0925197 0.0948374 -0.0142002 0.0076859 0.0093793 0.0026334 0.0004898 0.0252318 0.0034930 0.0068898 0.0189498 0.0131901 0.0180713 0.0039502 0.0071243 0.0022225 0.0158215 0.0044711 0.0131058 0.0140286 0.0011640 0.0181131 0.0093285 0.0087029 0.0165380 0.0108157 0.0033979 -0.0027621 -0.0040021 -0.0016862 0.0143293 0.0100426 -0.0003109 -0.0197240 -0.0645269 -0.0179384 -0.0337248 -0.0373475 -0.0363395 -0.0165354 -0.0331077 -0.0371494 -0.0520125 -0.0411884 -0.0139286 -0.0298484 -0.0113438 -0.0263753 -0.0276189 -0.0143411 -0.0382461 -0.0137676 -0.0446835 -0.0195209 -0.0478937 0.0011273 -0.0408616 -0.0571354 -0.0531692 -0.0179882 -0.0364304 -0.0297555 -0.0351763 -0.0622148 -0.0388454 -0.1168097 -0.1230379 -0.0514477 -0.0469350 -0.0332401 -0.0810150 -0.0599919 -0.1516636 -0.0541005 -0.0841607 -0.0848051 -0.0854719 -0.0414037 -0.1054071 -0.0529623 -0.1415021
0.1452152 0.8851624 0.1047389 0.1406938 0.1102665 0.1095695 0.1101408 0.1143349 0.1084317 0.1064181 0.1107274 0.1135949 0.1082882 0.1035864 0.0943127 0.1000485 -0.0214596 0.0089756 0.0120871 0.0046071 -0.0074182 0.0212906 0.0040941 -0.0016928 0.0197829 0.0139878 0.0203946 0.0064437 0.0092451 0.0051783 0.0166950 0.0086510 0.0123904 0.0155236 0.0011665 0.0192779 0.0088681 0.0125699 0.0197662 0.0152827 0.0060758 -0.0023663 -0.0038053 0.0014675 0.0125041 0.0117653 -0.0063022 -0.0236550 -0.0683334 -0.0139580 -0.0356990 -0.0396570 -0.0383281 -0.0187746 -0.0330864 -0.0390494 -0.0564408 -0.0413553 -0.0135780 -0.0301238 -0.0143605 -0.0250134 -0.0260186 -0.0151984 -0.0345363 -0.0144465 -0.0417373 -0.0222827 -0.0505344 0.0017522 -0.0430434 -0.0601542 -0.0547115 -0.0214420 -0.0372956 -0.0251007 -0.0398409 -0.0667374 -0.0383673 -0.1253981 -0.1293605 -0.0533342 -0.0498051 -0.0380222 -0.0883984 -0.0602608 -0.1580633 -0.0522869 -0.0901182 -0.0889508 -0.0907443 -0.0417535 -0.1126200 -0.0523016 -0.1455642
0.1030281 0.1047389 0.8836961 0.1016739 0.1574325 0.1489300 0.1685685 0.1583003 0.1118171 0.1110580 0.1143788 0.1157156 0.1119855 0.1079620 0.1005602 0.1031512 -0.0150105 0.0041089 0.0139247 -0.0010829 -0.0041720 0.0222083 0.0026504 -0.0009354 0.0178035 0.0128983 0.0230186 0.0108947 0.0089265 0.0079763 0.0200545 0.0067295 0.0165485 0.0166034 0.0040935 0.0242609 0.0144322 0.0087304 0.0188582 0.0175207 0.0101722 0.0015798 -0.0050713 -0.0019169 0.0170497 0.0170730 -0.0027879 -0.0235019 -0.0748826 -0.0206325 -0.0326220 -0.0427999 -0.0378702 -0.0202813 -0.0357583 -0.0406533 -0.0549581 -0.0448410 -0.0184253 -0.0329292 -0.0137957 -0.0287761 -0.0283347 -0.0221462 -0.0421883 -0.0213914 -0.0467528 -0.0230274 -0.0530849 -0.0022518 -0.0455817 -0.0605101 -0.0575084 -0.0199219 -0.0351524 -0.0306719 -0.0414121 -0.0708018 -0.0407406 -0.1328012 -0.1419256 -0.0548675 -0.0493223 -0.0390966 -0.0917902 -0.0610207 -0.1633771 -0.0647811 -0.0947996 -0.0906122 -0.0924708 -0.0461270 -0.1206408 -0.0567624 -0.1555056
0.1307181 0.1406938 0.1016739 0.8947952 0.1031801 0.1029416 0.1003977 0.1091286 0.1037815 0.0973707 0.1046552 0.1055288 0.0974717 0.0980513 0.0901645 0.0945732 -0.0188100 0.0026742 0.0093736 -0.0025147 -0.0095639 0.0175420 0.0010745 0.0009432 0.0215272 0.0130411 0.0220774 0.0118130 0.0113937 0.0069953 0.0182005 0.0085971 0.0164349 0.0156944 0.0037858 0.0194879 0.0112972 0.0148998 0.0194280 0.0150730 0.0072936 0.0016268 0.0033567 0.0021623 0.0173192 0.0139044 -0.0023998 -0.0180194 -0.0653642 -0.0141585 -0.0294424 -0.0389355 -0.0350355 -0.0170980 -0.0284818 -0.0386930 -0.0504522 -0.0369840 -0.0107268 -0.0252834 -0.0122224 -0.0244485 -0.0238395 -0.0131801 -0.0316006 -0.0151593 -0.0449363 -0.0162792 -0.0475667 0.0051873 -0.0407610 -0.0546420 -0.0544156 -0.0175351 -0.0337300 -0.0268045 -0.0367214 -0.0625011 -0.0364983 -0.1230267 -0.1274619 -0.0507785 -0.0424520 -0.0315937 -0.0851290 -0.0601744 -0.1572319 -0.0534132 -0.0879292 -0.0837917 -0.0836053 -0.0392484 -0.1114719 -0.0510569 -0.1429166
0.1085162 0.1102665 0.1574325 0.1031801 0.9007010 0.1687833 0.1717126 0.1691741 0.1164833 0.1134343 0.1174819 0.1209240 0.1141713 0.1120540 0.0999979 0.1070866 -0.0171799 0.0121639 0.0144667 0.0056261 -0.0004426 0.0278107 0.0086987 0.0045204 0.0221247 0.0124539 0.0233374 0.0068800 0.0080787 0.0046717 0.0191474 0.0065295 0.0140519 0.0161100 -0.0016165 0.0226806 0.0092347 0.0098547 0.0213796 0.0133802 0.0133538 -0.0000270 -0.0071943 -0.0001885 0.0168068 0.0126046 -0.0026775 -0.0283450 -0.0717484 -0.0190572 -0.0375552 -0.0395564 -0.0419920 -0.0194640 -0.0371026 -0.0428601 -0.0577418 -0.0459487 -0.0188542 -0.0394617 -0.0152438 -0.0269069 -0.0296200 -0.0216179 -0.0375196 -0.0174018 -0.0485190 -0.0282009 -0.0541348 0.0027105 -0.0472622 -0.0645772 -0.0617928 -0.0195705 -0.0364017 -0.0311442 -0.0433768 -0.0728237 -0.0417025 -0.1345530 -0.1443341 -0.0565209 -0.0535930 -0.0405953 -0.0912826 -0.0623652 -0.1637381 -0.0627527 -0.0942637 -0.0929554 -0.0943710 -0.0453420 -0.1194855 -0.0625105 -0.1533222
0.1023423 0.1095695 0.1489300 0.1029416 0.1687833 0.8897554 0.1637238 0.1614486 0.1140944 0.1112527 0.1152030 0.1205243 0.1102759 0.1098311 0.0993076 0.1061623 -0.0158505 0.0066207 0.0138231 0.0029598 -0.0033200 0.0238218 0.0055903 0.0024192 0.0231959 0.0163293 0.0228409 0.0079152 0.0109231 0.0077562 0.0149983 0.0059257 0.0179143 0.0158195 -0.0026537 0.0199022 0.0055383 0.0060987 0.0137064 0.0139263 0.0110810 -0.0003635 -0.0032837 -0.0017260 0.0166640 0.0123646 -0.0022406 -0.0288967 -0.0720606 -0.0214538 -0.0405417 -0.0392319 -0.0411678 -0.0188139 -0.0385226 -0.0391479 -0.0623874 -0.0460071 -0.0202424 -0.0369087 -0.0145469 -0.0297325 -0.0307180 -0.0179292 -0.0389656 -0.0163233 -0.0483967 -0.0277216 -0.0503365 0.0016963 -0.0491942 -0.0643073 -0.0600677 -0.0199953 -0.0362624 -0.0301333 -0.0405699 -0.0740601 -0.0398639 -0.1306046 -0.1421254 -0.0548293 -0.0490833 -0.0380077 -0.0919491 -0.0579143 -0.1616662 -0.0632595 -0.0921301 -0.0949194 -0.0960371 -0.0446968 -0.1165079 -0.0625005 -0.1501708
0.1038082 0.1101408 0.1685685 0.1003977 0.1717126 0.1637238 0.8808376 0.1760949 0.1149252 0.1135562 0.1168783 0.1218430 0.1117459 0.1136205 0.0973591 0.1074447 -0.0232020 0.0049951 0.0131382 0.0037730 -0.0069503 0.0208905 0.0030090 -0.0051686 0.0209247 0.0144554 0.0222907 0.0093427 0.0089157 0.0088680 0.0186984 0.0077975 0.0170475 0.0171570 0.0019579 0.0227338 0.0068924 0.0103232 0.0197472 0.0192449 0.0113216 -0.0018276 -0.0047400 -0.0019561 0.0137218 0.0115249 -0.0036515 -0.0271831 -0.0737467 -0.0197426 -0.0377452 -0.0428725 -0.0419835 -0.0199113 -0.0395318 -0.0419128 -0.0565558 -0.0472204 -0.0206868 -0.0424799 -0.0168043 -0.0277025 -0.0293339 -0.0188007 -0.0366449 -0.0154323 -0.0467510 -0.0263721 -0.0540994 0.0037051 -0.0480248 -0.0651886 -0.0616783 -0.0209157 -0.0363193 -0.0291480 -0.0439879 -0.0717028 -0.0424608 -0.1356299 -0.1445008 -0.0557564 -0.0498256 -0.0418379 -0.0931159 -0.0622553 -0.1711943 -0.0657482 -0.0964732 -0.0927532 -0.0943502 -0.0473419 -0.1239823 -0.0648033 -0.1603431
0.1121750 0.1143349 0.1583003 0.1091286 0.1691741 0.1614486 0.1760949 0.8990296 0.1210029 0.1156601 0.1216854 0.1289627 0.1149884 0.1176281 0.1046039 0.1085142 -0.0159902 0.0073276 0.0192187 0.0052489 -0.0014565 0.0285713 0.0087764 -0.0010426 0.0203064 0.0160492 0.0207880 0.0075204 0.0071948 0.0037632 0.0165483 0.0067029 0.0168416 0.0162350 -0.0003904 0.0227766 0.0082665 0.0101666 0.0193784 0.0159443 0.0121789 -0.0026341 -0.0052535 -0.0002704 0.0128460 0.0145258 -0.0051842 -0.0276959 -0.0745519 -0.0195751 -0.0410023 -0.0373908 -0.0436627 -0.0192151 -0.0372386 -0.0431914 -0.0601298 -0.0506467 -0.0242288 -0.0385898 -0.0164996 -0.0312555 -0.0327916 -0.0236880 -0.0412140 -0.0174450 -0.0514293 -0.0276786 -0.0538951 0.0009836 -0.0489189 -0.0639867 -0.0621936 -0.0180820 -0.0394212 -0.0302155 -0.0427684 -0.0746823 -0.0422612 -0.1352805 -0.1439655 -0.0592374 -0.0505395 -0.0407044 -0.0906982 -0.0635795 -0.1674792 -0.0609937 -0.0973234 -0.0950454 -0.0972779 -0.0469147 -0.1223721 -0.0614293 -0.1544625
0.1055175 0.1084317 0.1118171 0.1037815 0.1164833 0.1140944 0.1149252 0.1210029 0.9057350 0.1567313 0.1690076 0.1635092 0.1590630 0.1531413 0.1074436 0.1149664 -0.0142117 0.0125982 0.0182772 0.0140120 0.0008014 0.0281934 0.0135058 0.0067675 0.0206176 0.0088067 0.0204013 0.0083991 0.0079440 0.0038749 0.0139066 0.0061256 0.0140913 0.0145450 -0.0037442 0.0190647 0.0073862 0.0072274 0.0142242 0.0118827 0.0092061 -0.0091171 -0.0097210 0.0045410 0.0186541 0.0120246 -0.0004896 -0.0286042 -0.0719336 -0.0210295 -0.0350761 -0.0471962 -0.0436705 -0.0203050 -0.0327111 -0.0405087 -0.0608710 -0.0431076 -0.0239888 -0.0358871 -0.0207960 -0.0327204 -0.0324718 -0.0220886 -0.0415912 -0.0166025 -0.0491745 -0.0276210 -0.0545981 0.0017576 -0.0479687 -0.0637341 -0.0545520 -0.0228753 -0.0400041 -0.0331365 -0.0492217 -0.0719644 -0.0410901 -0.1312345 -0.1349299 -0.0562974 -0.0571119 -0.0384784 -0.0950341 -0.0648349 -0.1571559 -0.0594327 -0.0955729 -0.1011739 -0.1015486 -0.0443713 -0.1204736 -0.0602541 -0.1522226
0.1026301 0.1064181 0.1110580 0.0973707 0.1134343 0.1112527 0.1135562 0.1156601 0.1567313 0.8985647 0.1539032 0.1587680 0.1701690 0.1524055 0.1001815 0.1086832 -0.0131592 0.0131427 0.0163383 0.0150522 0.0028431 0.0283140 0.0136060 0.0098631 0.0169416 0.0100270 0.0171390 0.0087376 0.0065760 0.0007422 0.0106019 0.0035819 0.0128030 0.0132875 -0.0013850 0.0194208 0.0032123 0.0056638 0.0166387 0.0133896 0.0063048 -0.0062335 -0.0085450 0.0040492 0.0156687 0.0086187 -0.0037467 -0.0276517 -0.0730499 -0.0188499 -0.0360385 -0.0384728 -0.0417649 -0.0161972 -0.0381152 -0.0385762 -0.0585930 -0.0454964 -0.0238664 -0.0367166 -0.0201975 -0.0335754 -0.0353100 -0.0238817 -0.0384201 -0.0177820 -0.0498074 -0.0269271 -0.0548011 -0.0034974 -0.0507020 -0.0611661 -0.0546243 -0.0227467 -0.0405056 -0.0320923 -0.0446785 -0.0701690 -0.0403240 -0.1253235 -0.1349449 -0.0560759 -0.0519657 -0.0378200 -0.0935356 -0.0607079 -0.1524301 -0.0620039 -0.0923516 -0.0963579 -0.0967654 -0.0453698 -0.1134550 -0.0615221 -0.1447109
0.1046333 0.1107274 0.1143788 0.1046552 0.1174819 0.1152030 0.1168783 0.1216854 0.1690076 0.1539032 0.9292959 0.1748921 0.1596700 0.1567774 0.1089176 0.1121938 -0.0048092 0.0204703 0.0297517 0.0193432 0.0114419 0.0365770 0.0208108 0.0134337 0.0156365 0.0067625 0.0159356 0.0068985 0.0073559 -0.0010517 0.0112065 -0.0007022 0.0096822 0.0120373 -0.0041993 0.0183360 0.0064495 0.0049158 0.0146195 0.0094587 0.0095923 -0.0056470 -0.0090655 0.0023532 0.0168632 0.0102613 -0.0053371 -0.0325845 -0.0704256 -0.0227118 -0.0336418 -0.0430230 -0.0424713 -0.0209586 -0.0370630 -0.0413917 -0.0609823 -0.0428569 -0.0226495 -0.0330375 -0.0241592 -0.0381726 -0.0384288 -0.0242035 -0.0442913 -0.0204584 -0.0513910 -0.0312112 -0.0591546 -0.0064213 -0.0515559 -0.0639394 -0.0561127 -0.0220515 -0.0380257 -0.0337855 -0.0456213 -0.0695151 -0.0432756 -0.1252230 -0.1330788 -0.0597564 -0.0512185 -0.0404712 -0.0955573 -0.0662932 -0.1490279 -0.0611357 -0.0960731 -0.0973681 -0.0976461 -0.0433685 -0.1145534 -0.0589941 -0.1457404
0.1124313 0.1135949 0.1157156 0.1055288 0.1209240 0.1205243 0.1218430 0.1289627 0.1635092 0.1587680 0.1748921 0.9184324 0.1654958 0.1601238 0.1048394 0.1177900 -0.0098401 0.0198202 0.0242649 0.0170342 0.0053631 0.0366320 0.0189359 0.0102726 0.0151938 0.0057893 0.0175766 0.0054871 0.0044471 -0.0019797 0.0098161 0.0009450 0.0107949 0.0126650 -0.0000778 0.0205566 0.0066874 0.0028082 0.0145179 0.0086789 0.0098437 -0.0073734 -0.0063123 0.0005619 0.0179844 0.0075541 -0.0030961 -0.0337976 -0.0765943 -0.0238965 -0.0371680 -0.0429365 -0.0417932 -0.0181343 -0.0381540 -0.0439963 -0.0616057 -0.0405433 -0.0255467 -0.0388866 -0.0260898 -0.0384107 -0.0386196 -0.0259641 -0.0430394 -0.0209146 -0.0496845 -0.0321419 -0.0584260 -0.0019111 -0.0491132 -0.0659780 -0.0576509 -0.0276839 -0.0441414 -0.0322373 -0.0472612 -0.0748741 -0.0415676 -0.1265788 -0.1356005 -0.0603765 -0.0541207 -0.0441444 -0.0993612 -0.0659104 -0.1503823 -0.0643599 -0.0956793 -0.1006527 -0.1010700 -0.0492455 -0.1134660 -0.0653924 -0.1497822
0.1004333 0.1082882 0.1119855 0.0974717 0.1141713 0.1102759 0.1117459 0.1149884 0.1590630 0.1701690 0.1596700 0.1654958 0.9004601 0.1601343 0.1037139 0.1094856 -0.0203510 0.0116464 0.0160214 0.0091933 -0.0023228 0.0274168 0.0104910 0.0037342 0.0171903 0.0098381 0.0231640 0.0080645 0.0089562 0.0031850 0.0140441 0.0052448 0.0167669 0.0150434 -0.0036063 0.0202964 0.0089081 0.0107693 0.0204734 0.0118370 0.0067715 -0.0063176 -0.0050339 0.0069264 0.0157511 0.0107833 -0.0003585 -0.0305010 -0.0736546 -0.0188225 -0.0391837 -0.0383552 -0.0381893 -0.0229068 -0.0344496 -0.0420891 -0.0603260 -0.0434623 -0.0194235 -0.0373397 -0.0165559 -0.0326488 -0.0328807 -0.0249786 -0.0374952 -0.0162373 -0.0508554 -0.0279301 -0.0548229 -0.0001544 -0.0490632 -0.0625762 -0.0599565 -0.0211790 -0.0395788 -0.0297093 -0.0451715 -0.0703038 -0.0404606 -0.1333407 -0.1387949 -0.0595471 -0.0564369 -0.0375957 -0.0965982 -0.0651470 -0.1607113 -0.0627196 -0.0950517 -0.0983207 -0.0982483 -0.0453673 -0.1211642 -0.0597363 -0.1538703
0.0991103 0.1035864 0.1079620 0.0980513 0.1120540 0.1098311 0.1136205 0.1176281 0.1531413 0.1524055 0.1567774 0.1601238 0.1601343 0.9085804 0.1039201 0.1029946 -0.0091179 0.0154791 0.0224873 0.0104372 0.0027820 0.0319102 0.0135206 0.0102199 0.0194668 0.0043063 0.0160047 0.0077621 0.0083382 -0.0007567 0.0088706 0.0015363 0.0083878 0.0131639 -0.0021325 0.0185964 0.0082766 0.0053724 0.0146580 0.0139167 0.0075272 -0.0044635 -0.0050895 0.0025070 0.0141375 0.0110247 -0.0018711 -0.0271201 -0.0714013 -0.0213768 -0.0367958 -0.0403545 -0.0422022 -0.0217769 -0.0352696 -0.0387200 -0.0609373 -0.0432713 -0.0210572 -0.0357111 -0.0199382 -0.0350014 -0.0346919 -0.0215766 -0.0396688 -0.0201207 -0.0507079 -0.0256753 -0.0540606 -0.0039312 -0.0502464 -0.0640408 -0.0563481 -0.0209275 -0.0375534 -0.0282227 -0.0413879 -0.0690773 -0.0410833 -0.1276821 -0.1331416 -0.0599813 -0.0528183 -0.0394885 -0.0952732 -0.0633812 -0.1530747 -0.0624135 -0.0947676 -0.0949817 -0.0955591 -0.0429667 -0.1155813 -0.0530788 -0.1480756
0.0925197 0.0943127 0.1005602 0.0901645 0.0999979 0.0993076 0.0973591 0.1046039 0.1074436 0.1001815 0.1089176 0.1048394 0.1037139 0.1039201 0.8828504 0.0964953 -0.0178279 0.0031059 0.0086357 -0.0035476 -0.0078657 0.0224615 0.0007450 -0.0023712 0.0187350 0.0140215 0.0238984 0.0097934 0.0117149 0.0087709 0.0194892 0.0063033 0.0170039 0.0156764 0.0068137 0.0188073 0.0097321 0.0149877 0.0180441 0.0168400 0.0078457 0.0000113 -0.0005172 0.0042807 0.0147643 0.0168145 -0.0047262 -0.0167459 -0.0651847 -0.0158039 -0.0283884 -0.0368298 -0.0345615 -0.0127432 -0.0255413 -0.0380152 -0.0487159 -0.0316618 -0.0107035 -0.0278474 -0.0105991 -0.0222295 -0.0246900 -0.0194953 -0.0316170 -0.0150715 -0.0397008 -0.0161358 -0.0461844 0.0021627 -0.0394259 -0.0527358 -0.0490084 -0.0205572 -0.0336668 -0.0279789 -0.0398969 -0.0632651 -0.0352925 -0.1161992 -0.1241871 -0.0454684 -0.0386075 -0.0310168 -0.0805675 -0.0550689 -0.1499683 -0.0515437 -0.0832800 -0.0834117 -0.0840608 -0.0407966 -0.1062144 -0.0531404 -0.1386074
0.0948374 0.1000485 0.1031512 0.0945732 0.1070866 0.1061623 0.1074447 0.1085142 0.1149664 0.1086832 0.1121938 0.1177900 0.1094856 0.1029946 0.0964953 0.8894469 -0.0246989 0.0030345 0.0075317 0.0024678 -0.0083360 0.0194396 0.0007207 -0.0009840 0.0225998 0.0187282 0.0246607 0.0102864 0.0140895 0.0093009 0.0206864 0.0132241 0.0248388 0.0157689 0.0064755 0.0243939 0.0097326 0.0147350 0.0196041 0.0149780 0.0114844 0.0013731 0.0037395 0.0011533 0.0144724 0.0175675 0.0006916 -0.0213931 -0.0657784 -0.0174782 -0.0302969 -0.0385937 -0.0359461 -0.0137143 -0.0298810 -0.0407728 -0.0533432 -0.0344794 -0.0143284 -0.0282358 -0.0087510 -0.0235727 -0.0247371 -0.0180219 -0.0305131 -0.0113356 -0.0406514 -0.0199520 -0.0487242 0.0027637 -0.0382511 -0.0574923 -0.0501303 -0.0166462 -0.0358769 -0.0216429 -0.0391292 -0.0668709 -0.0356555 -0.1198642 -0.1290792 -0.0479374 -0.0466744 -0.0357303 -0.0824452 -0.0571758 -0.1566795 -0.0541792 -0.0864715 -0.0893189 -0.0896033 -0.0390479 -0.0919197 -0.0582043 -0.1455333
-0.0142002 -0.0214596 -0.0150105 -0.0188100 -0.0171799 -0.0158505 -0.0232020 -0.0159902 -0.0142117 -0.0131592 -0.0048092 -0.0098401 -0.0203510 -0.0091179 -0.0178279 -0.0246989 1.1834756 0.1268261 0.1324644 0.1684637 0.1767430 0.1232933 0.1513722 0.1575253 -0.0758883 -0.0727625 -0.0731861 -0.0622541 -0.0816547 -0.0901412 -0.0988416 -0.0920649 -0.0905392 -0.0524608 -0.0496133 -0.0850215 -0.0636519 -0.0705889 -0.0720492 -0.0746396 -0.0213872 -0.0435239 -0.0824767 -0.0371138 -0.0390085 -0.0592006 -0.0418407 -0.0921443 0.0677843 -0.0302230 -0.0035809 0.0211487 -0.0318630 -0.0104594 -0.0201054 0.0090781 0.0103305 -0.0074622 -0.0924495 -0.0167107 -0.0916655 -0.1007047 -0.0991644 -0.0486968 -0.0475932 -0.0483875 -0.0388145 -0.0902640 -0.0440855 -0.0681668 -0.0281961 0.0240009 0.0208846 -0.0078530 -0.0129623 -0.0213742 0.0047794 0.0231588 0.0095282 0.1319294 0.1352753 -0.0134693 0.0104730 -0.0242505 0.0525993 0.0065146 0.2226299 0.0082948 0.0694759 -0.0076846 -0.0047735 -0.0272574 0.1520410 0.0097982 0.1798992
0.0076859 0.0089756 0.0041089 0.0026742 0.0121639 0.0066207 0.0049951 0.0073276 0.0125982 0.0131427 0.0204703 0.0198202 0.0116464 0.0154791 0.0031059 0.0030345 0.1268261 1.1062754 0.1290893 0.1439541 0.1421744 0.1213416 0.1384507 0.1247848 -0.0567226 -0.0658868 -0.0572659 -0.0581963 -0.0611414 -0.0786360 -0.0797288 -0.0737565 -0.0709828 -0.0429938 -0.0546054 -0.0719502 -0.0548285 -0.0629411 -0.0595642 -0.0654113 -0.0199735 -0.0530161 -0.0627549 -0.0282619 -0.0251957 -0.0564654 -0.0454428 -0.0793032 0.0284739 -0.0309734 -0.0069734 -0.0108967 -0.0312690 -0.0121352 -0.0449685 -0.0048975 -0.0111970 -0.0083556 -0.0772989 -0.0212072 -0.0855447 -0.0922194 -0.0919139 -0.0451455 -0.0472516 -0.0507250 -0.0409417 -0.0787992 -0.0566179 -0.0584764 -0.0372837 0.0108186 0.0010476 -0.0124537 -0.0182764 -0.0061885 -0.0081249 0.0179255 0.0045768 0.0832413 0.0823659 -0.0196056 -0.0003784 -0.0259080 0.0282939 0.0073822 0.1587760 -0.0113629 0.0352378 -0.0144153 -0.0128214 -0.0159427 0.1137521 -0.0177082 0.1295490
0.0093793 0.0120871 0.0139247 0.0093736 0.0144667 0.0138231 0.0131382 0.0192187 0.0182772 0.0163383 0.0297517 0.0242649 0.0160214 0.0224873 0.0086357 0.0075317 0.1324644 0.1290893 1.1149281 0.1406979 0.1561054 0.1249089 0.1347841 0.1284245 -0.0565435 -0.0569139 -0.0501099 -0.0573625 -0.0642914 -0.0793544 -0.0764149 -0.0735982 -0.0707054 -0.0422824 -0.0577198 -0.0623555 -0.0584919 -0.0639513 -0.0602597 -0.0558532 -0.0239555 -0.0507257 -0.0693383 -0.0317234 -0.0132987 -0.0527505 -0.0493872 -0.0777519 0.0360152 -0.0249043 -0.0088695 -0.0093242 -0.0228920 -0.0141430 -0.0366043 0.0067595 -0.0209048 -0.0168435 -0.0807993 -0.0172378 -0.0876238 -0.0914055 -0.0904939 -0.0389245 -0.0515599 -0.0489329 -0.0408537 -0.0760984 -0.0619664 -0.0566847 -0.0455655 -0.0065865 -0.0033904 -0.0103845 -0.0232643 -0.0175274 -0.0062268 0.0052623 -0.0065506 0.0837896 0.0883062 -0.0329006 0.0005027 -0.0394454 0.0188605 -0.0019672 0.1511716 -0.0115721 0.0112624 -0.0171589 -0.0168261 -0.0209186 0.1059018 -0.0166468 0.1125587
0.0026334 0.0046071 -0.0010829 -0.0025147 0.0056261 0.0029598 0.0037730 0.0052489 0.0140120 0.0150522 0.0193432 0.0170342 0.0091933 0.0104372 -0.0035476 0.0024678 0.1684637 0.1439541 0.1406979 1.1811346 0.1632310 0.1508291 0.1830144 0.1426708 -0.0676396 -0.0685931 -0.0659750 -0.0665496 -0.0781495 -0.0907670 -0.0960605 -0.0856429 -0.0830309 -0.0507083 -0.0615294 -0.0764542 -0.0557198 -0.0746891 -0.0682576 -0.0735356 -0.0350407 -0.0594410 -0.0836651 -0.0372248 -0.0305395 -0.0683690 -0.0597216 -0.0821819 0.0475306 -0.0238394 -0.0023043 0.0115901 -0.0117163 -0.0172407 -0.0393366 -0.0110759 -0.0131846 -0.0043825 -0.0870245 -0.0132302 -0.0965961 -0.1033406 -0.1034116 -0.0576902 -0.0492668 -0.0572266 -0.0399352 -0.0825649 -0.0652781 -0.0607827 -0.0408329 0.0006896 0.0016291 0.0040194 -0.0115458 -0.0288580 -0.0094081 0.0140436 -0.0064561 0.1030971 0.0854527 -0.0309647 -0.0248050 -0.0263402 0.0151972 -0.0013472 0.1952097 -0.0003078 0.0511220 -0.0055356 -0.0034219 -0.0178821 0.1375715 -0.0350437 0.1534585
0.0004898 -0.0074182 -0.0041720 -0.0095639 -0.0004426 -0.0033200 -0.0069503 -0.0014565 0.0008014 0.0028431 0.0114419 0.0053631 -0.0023228 0.0027820 -0.0078657 -0.0083360 0.1767430 0.1421744 0.1561054 0.1632310 1.2148672 0.1529709 0.1723502 0.1638003 -0.0772702 -0.0711775 -0.0637330 -0.0733188 -0.0835912 -0.1018979 -0.0939341 -0.0947913 -0.0940062 -0.0551098 -0.0661999 -0.0877096 -0.0792000 -0.0763557 -0.0748333 -0.0749867 -0.0247520 -0.0602655 -0.0860565 -0.0392694 -0.0331754 -0.0678061 -0.0561202 -0.1025594 0.0615360 -0.0224954 -0.0124769 0.0220298 -0.0182007 -0.0262391 -0.0454961 0.0024214 -0.0078222 -0.0205030 -0.0995277 -0.0229874 -0.1049726 -0.1015204 -0.1025982 -0.0457317 -0.0542929 -0.0596908 -0.0427601 -0.1044459 -0.0585581 -0.0666277 -0.0321189 0.0174040 0.0104771 -0.0083944 -0.0132710 -0.0338391 0.0001638 0.0385718 -0.0049052 0.1223242 0.1256117 -0.0244684 -0.0055320 -0.0222988 0.0372853 -0.0024487 0.2276437 0.0043502 0.0663823 -0.0062900 -0.0044677 -0.0081690 0.1575253 0.0055637 0.1726261
0.0252318 0.0212906 0.0222083 0.0175420 0.0278107 0.0238218 0.0208905 0.0285713 0.0281934 0.0283140 0.0365770 0.0366320 0.0274168 0.0319102 0.0224615 0.0194396 0.1232933 0.1213416 0.1249089 0.1508291 0.1529709 1.1226766 0.1520950 0.1426192 -0.0632698 -0.0542399 -0.0542847 -0.0510104 -0.0680359 -0.0820829 -0.0796520 -0.0728651 -0.0725807 -0.0424074 -0.0540028 -0.0657367 -0.0583474 -0.0593177 -0.0637504 -0.0575886 -0.0258040 -0.0565664 -0.0699775 -0.0309670 -0.0242520 -0.0589253 -0.0526673 -0.0821661 0.0302352 -0.0325986 -0.0062151 0.0043674 -0.0137108 -0.0212395 -0.0439836 -0.0109421 -0.0275681 -0.0107028 -0.0737849 -0.0173322 -0.0947971 -0.0905013 -0.0902203 -0.0498575 -0.0635744 -0.0566918 -0.0494973 -0.0809776 -0.0652511 -0.0560603 -0.0515920 -0.0054032 -0.0086084 -0.0106176 -0.0246444 -0.0249519 -0.0082974 0.0186696 0.0115212 0.0710845 0.0608140 -0.0373290 -0.0240850 -0.0252654 0.0054635 -0.0068647 0.1415922 -0.0142640 0.0195223 -0.0192653 -0.0166871 -0.0244975 0.1004734 -0.0271787 0.1085333
0.0034930 0.0040941 0.0026504 0.0010745 0.0086987 0.0055903 0.0030090 0.0087764 0.0135058 0.0136060 0.0208108 0.0189359 0.0104910 0.0135206 0.0007450 0.0007207 0.1513722 0.1384507 0.1347841 0.1830144 0.1723502 0.1520950 1.1651106 0.1521948 -0.0688613 -0.0715616 -0.0680578 -0.0701598 -0.0776372 -0.0924484 -0.0863154 -0.0828647 -0.0825537 -0.0498218 -0.0608803 -0.0837936 -0.0701517 -0.0736408 -0.0733880 -0.0714457 -0.0226098 -0.0553215 -0.0788564 -0.0327748 -0.0338267 -0.0626272 -0.0570997 -0.0886527 0.0397996 -0.0239511 -0.0014718 0.0127979 -0.0213074 -0.0177236 -0.0428789 0.0009492 -0.0205152 0.0031567 -0.0827642 -0.0153322 -0.1020774 -0.1004418 -0.0986452 -0.0585159 -0.0582868 -0.0519052 -0.0469420 -0.0887165 -0.0608213 -0.0630119 -0.0465308 0.0075083 -0.0030201 -0.0001084 -0.0222414 -0.0295202 -0.0034226 0.0149231 0.0044612 0.1134661 0.0979654 -0.0253417 -0.0117252 -0.0199734 0.0310424 0.0024044 0.1898892 0.0093783 0.0538091 -0.0123026 -0.0104767 -0.0209223 0.1355598 -0.0148749 0.1583000
0.0068898 -0.0016928 -0.0009354 0.0009432 0.0045204 0.0024192 -0.0051686 -0.0010426 0.0067675 0.0098631 0.0134337 0.0102726 0.0037342 0.0102199 -0.0023712 -0.0009840 0.1575253 0.1247848 0.1284245 0.1426708 0.1638003 0.1426192 0.1521948 1.1352853 -0.0613973 -0.0532831 -0.0630402 -0.0557790 -0.0701915 -0.0836679 -0.0835867 -0.0713774 -0.0790075 -0.0457690 -0.0613557 -0.0717133 -0.0575207 -0.0614460 -0.0611443 -0.0666364 -0.0207950 -0.0520407 -0.0744196 -0.0324914 -0.0241874 -0.0554208 -0.0442472 -0.0882568 0.0334674 -0.0272876 -0.0007110 0.0163162 -0.0247137 -0.0180022 -0.0270999 -0.0039976 -0.0108756 -0.0087930 -0.0820056 -0.0282858 -0.0873463 -0.0903724 -0.0898104 -0.0539829 -0.0532559 -0.0573941 -0.0409643 -0.0877174 -0.0491562 -0.0523632 -0.0330446 0.0152500 0.0077030 -0.0126339 -0.0194994 -0.0167501 0.0026395 0.0236786 -0.0071957 0.0932841 0.0806269 -0.0296765 -0.0079569 -0.0286691 0.0331584 -0.0059669 0.1749010 -0.0105767 0.0328113 -0.0022222 -0.0007590 -0.0229278 0.1201513 -0.0123060 0.1352894
0.0189498 0.0197829 0.0178035 0.0215272 0.0221247 0.0231959 0.0209247 0.0203064 0.0206176 0.0169416 0.0156365 0.0151938 0.0171903 0.0194668 0.0187350 0.0225998 -0.0758883 -0.0567226 -0.0565435 -0.0676396 -0.0772702 -0.0632698 -0.0688613 -0.0613973 0.8496206 0.0314576 0.0359211 0.0516347 0.0664474 0.0808374 0.0812295 0.0591285 0.0393140 0.0267062 0.0227643 0.0402168 0.0281496 0.0291875 0.0251574 0.0356249 0.0065325 0.0144422 0.0298370 0.0105081 0.0168606 0.0281091 0.0122883 0.0192563 -0.0515191 -0.0078594 -0.0195825 -0.0211962 -0.0171245 -0.0044683 -0.0092350 -0.0143091 -0.0180408 -0.0174984 0.0237703 -0.0084024 0.0234573 0.0188515 0.0191907 0.0114661 0.0063847 0.0140110 -0.0028872 0.0201840 0.0063700 0.0255454 -0.0037578 -0.0300433 -0.0303456 -0.0110954 -0.0116748 -0.0016619 -0.0214677 -0.0359704 -0.0259498 -0.0878736 -0.1023122 -0.0126602 -0.0122727 -0.0019680 -0.0545644 -0.0296407 -0.1430617 -0.0203033 -0.0537986 -0.0381857 -0.0391207 -0.0101848 -0.1068069 -0.0199273 -0.1263434
0.0131901 0.0139878 0.0128983 0.0130411 0.0124539 0.0163293 0.0144554 0.0160492 0.0088067 0.0100270 0.0067625 0.0057893 0.0098381 0.0043063 0.0140215 0.0187282 -0.0727625 -0.0658868 -0.0569139 -0.0685931 -0.0711775 -0.0542399 -0.0715616 -0.0532831 0.0314576 0.8679835 0.0713207 0.0238624 0.0438509 0.0352559 0.0431105 0.0354806 0.0372638 0.0248923 0.0169489 0.0385488 0.0223085 0.0257726 0.0274780 0.0337709 0.0049581 0.0186523 0.0226611 0.0041851 0.0068802 0.0278587 0.0152552 0.0188575 -0.0413789 0.0033709 -0.0106630 -0.0194764 0.0004205 0.0045836 0.0091240 -0.0208781 -0.0130579 -0.0099036 0.0263403 -0.0027819 0.0395843 0.0298864 0.0288485 0.0098557 0.0077432 0.0115535 -0.0057149 0.0183843 0.0018096 0.0208382 -0.0063218 -0.0282304 -0.0168839 -0.0043439 -0.0026248 -0.0077953 -0.0147549 -0.0357771 -0.0145630 -0.0738768 -0.0832590 -0.0028937 -0.0159477 0.0024292 -0.0376221 -0.0135877 -0.1416456 -0.0171847 -0.0513746 -0.0305575 -0.0302075 -0.0044352 -0.0891529 -0.0202041 -0.1077717
0.0180713 0.0203946 0.0230186 0.0220774 0.0233374 0.0228409 0.0222907 0.0207880 0.0204013 0.0171390 0.0159356 0.0175766 0.0231640 0.0160047 0.0238984 0.0246607 -0.0731861 -0.0572659 -0.0501099 -0.0659750 -0.0637330 -0.0542847 -0.0680578 -0.0630402 0.0359211 0.0713207 0.8604954 0.0306877 0.0372577 0.0447425 0.0409867 0.0423277 0.0327452 0.0246446 0.0181548 0.0312856 0.0286874 0.0247675 0.0256642 0.0336479 0.0071011 0.0159072 0.0258232 0.0104687 0.0107626 0.0222479 0.0157481 0.0182806 -0.0489059 -0.0021741 -0.0223143 -0.0175576 -0.0112531 -0.0075721 -0.0030406 -0.0238086 -0.0181937 -0.0094773 0.0223415 0.0012516 0.0293560 0.0242727 0.0235787 0.0169364 0.0116548 0.0058655 -0.0032881 0.0173745 0.0010496 0.0250404 0.0006360 -0.0295984 -0.0312649 -0.0072299 -0.0051568 -0.0047476 -0.0210155 -0.0380950 -0.0192020 -0.0923377 -0.0970524 -0.0069522 -0.0159475 -0.0047333 -0.0400860 -0.0231019 -0.1369880 -0.0237460 -0.0518577 -0.0393928 -0.0405519 -0.0100765 -0.0958807 -0.0164101 -0.1124994
0.0039502 0.0064437 0.0108947 0.0118130 0.0068800 0.0079152 0.0093427 0.0075204 0.0083991 0.0087376 0.0068985 0.0054871 0.0080645 0.0077621 0.0097934 0.0102864 -0.0622541 -0.0581963 -0.0573625 -0.0665496 -0.0733188 -0.0510104 -0.0701598 -0.0557790 0.0516347 0.0238624 0.0306877 0.8755229 0.0710775 0.0519846 0.0473676 0.0612574 0.0216455 0.0235176 0.0142701 0.0339327 0.0277092 0.0257196 0.0244630 0.0170067 0.0163812 0.0200877 0.0284474 0.0080917 0.0080696 0.0331165 0.0292507 0.0252962 -0.0467293 -0.0073640 -0.0042306 -0.0141786 -0.0009009 0.0098411 0.0010048 -0.0246003 -0.0082688 -0.0130428 0.0264537 -0.0089214 0.0311212 0.0289876 0.0288730 0.0122509 0.0080223 0.0088352 -0.0100193 0.0253557 0.0056999 0.0243218 -0.0060424 -0.0186364 -0.0101348 -0.0117168 -0.0077405 -0.0037240 -0.0187005 -0.0358934 -0.0220643 -0.0778096 -0.0809363 -0.0076476 -0.0111620 -0.0031436 -0.0418966 -0.0194541 -0.1225472 -0.0182978 -0.0578266 -0.0331158 -0.0328181 -0.0173847 -0.0951193 -0.0188978 -0.1050996
0.0071243 0.0092451 0.0089265 0.0113937 0.0080787 0.0109231 0.0089157 0.0071948 0.0079440 0.0065760 0.0073559 0.0044471 0.0089562 0.0083382 0.0117149 0.0140895 -0.0816547 -0.0611414 -0.0642914 -0.0781495 -0.0835912 -0.0680359 -0.0776372 -0.0701915 0.0664474 0.0438509 0.0372577 0.0710775 0.8737376 0.0651396 0.0568439 0.0738493 0.0299715 0.0269684 0.0190081 0.0337251 0.0246889 0.0309151 0.0290925 0.0266456 0.0094238 0.0089061 0.0276297 0.0079269 0.0069627 0.0256945 0.0138011 0.0255580 -0.0305865 -0.0052314 -0.0090598 -0.0312783 -0.0010464 0.0057000 0.0006208 -0.0199625 -0.0110683 -0.0042760 0.0294562 -0.0052438 0.0415585 0.0363138 0.0359702 0.0197078 0.0090541 0.0159955 -0.0015320 0.0233341 0.0042470 0.0268105 -0.0009258 -0.0223212 -0.0211351 -0.0072352 -0.0065244 -0.0045540 -0.0173861 -0.0360163 -0.0148970 -0.0816203 -0.0854317 -0.0024326 -0.0180823 0.0004793 -0.0452561 -0.0282765 -0.1380035 -0.0260517 -0.0507266 -0.0279993 -0.0276174 -0.0122044 -0.1006189 -0.0190828 -0.1124710
0.0022225 0.0051783 0.0079763 0.0069953 0.0046717 0.0077562 0.0088680 0.0037632 0.0038749 0.0007422 -0.0010517 -0.0019797 0.0031850 -0.0007567 0.0087709 0.0093009 -0.0901412 -0.0786360 -0.0793544 -0.0907670 -0.1018979 -0.0820829 -0.0924484 -0.0836679 0.0808374 0.0352559 0.0447425 0.0519846 0.0651396 0.8699058 0.0848262 0.0631936 0.0317937 0.0306925 0.0258669 0.0405537 0.0339684 0.0449929 0.0287200 0.0392447 0.0076156 0.0229808 0.0413988 0.0141013 0.0163865 0.0314712 0.0234169 0.0443695 -0.0469277 -0.0050343 -0.0164507 -0.0178009 -0.0017165 0.0008952 0.0122018 -0.0209783 -0.0154633 -0.0101241 0.0325465 -0.0060540 0.0487973 0.0447222 0.0454640 0.0241176 0.0112903 0.0178883 0.0038116 0.0440915 0.0174714 0.0370135 0.0050718 -0.0271313 -0.0173293 -0.0130711 -0.0127995 0.0108956 -0.0223972 -0.0344178 -0.0173544 -0.0918493 -0.0958219 0.0026936 -0.0093349 -0.0006274 -0.0426263 -0.0173019 -0.1534600 -0.0177365 -0.0563945 -0.0279048 -0.0281675 -0.0078219 -0.1074394 -0.0149387 -0.1264725
0.0158215 0.0166950 0.0200545 0.0182005 0.0191474 0.0149983 0.0186984 0.0165483 0.0139066 0.0106019 0.0112065 0.0098161 0.0140441 0.0088706 0.0194892 0.0206864 -0.0988416 -0.0797288 -0.0764149 -0.0960605 -0.0939341 -0.0796520 -0.0863154 -0.0835867 0.0812295 0.0431105 0.0409867 0.0473676 0.0568439 0.0848262 0.8582779 0.0611726 0.0421413 0.0330478 0.0257838 0.0479411 0.0382084 0.0434441 0.0383572 0.0409117 0.0141003 0.0208835 0.0418442 0.0122386 0.0163608 0.0411249 0.0215009 0.0389300 -0.0608562 0.0033739 -0.0149546 -0.0132403 -0.0035825 0.0008518 0.0095110 -0.0184113 -0.0228032 -0.0155554 0.0447634 -0.0070478 0.0408837 0.0366979 0.0374373 0.0126444 0.0130215 0.0169679 0.0001938 0.0385830 0.0112750 0.0424091 -0.0012461 -0.0352835 -0.0244328 -0.0052307 -0.0033885 -0.0028641 -0.0215604 -0.0426476 -0.0226528 -0.1023671 -0.1124040 -0.0073618 -0.0160221 0.0026440 -0.0555882 -0.0262418 -0.1654321 -0.0215610 -0.0632351 -0.0328641 -0.0337349 -0.0090929 -0.1247919 -0.0087576 -0.1425706
0.0044711 0.0086510 0.0067295 0.0085971 0.0065295 0.0059257 0.0077975 0.0067029 0.0061256 0.0035819 -0.0007022 0.0009450 0.0052448 0.0015363 0.0063033 0.0132241 -0.0920649 -0.0737565 -0.0735982 -0.0856429 -0.0947913 -0.0728651 -0.0828647 -0.0713774 0.0591285 0.0354806 0.0423277 0.0612574 0.0738493 0.0631936 0.0611726 0.8707169 0.0381782 0.0275467 0.0161350 0.0420774 0.0308031 0.0316231 0.0339632 0.0268321 0.0043783 0.0187194 0.0293291 0.0098979 0.0096194 0.0324179 0.0215072 0.0287889 -0.0458459 0.0011820 -0.0151967 -0.0126375 -0.0082710 0.0080738 0.0080062 -0.0136096 -0.0130265 -0.0031560 0.0264603 0.0025020 0.0408154 0.0447341 0.0439949 0.0131805 0.0095387 0.0143216 0.0097956 0.0286186 0.0137889 0.0301825 0.0125626 -0.0219999 -0.0177580 -0.0139628 -0.0106106 0.0069795 -0.0138483 -0.0337683 -0.0203514 -0.0802077 -0.0873118 -0.0024487 -0.0173518 -0.0012105 -0.0412993 -0.0220193 -0.1337031 -0.0241065 -0.0465150 -0.0383713 -0.0386118 -0.0110746 -0.0940913 -0.0042560 -0.1133106
0.0131058 0.0123904 0.0165485 0.0164349 0.0140519 0.0179143 0.0170475 0.0168416 0.0140913 0.0128030 0.0096822 0.0107949 0.0167669 0.0083878 0.0170039 0.0248388 -0.0905392 -0.0709828 -0.0707054 -0.0830309 -0.0940062 -0.0725807 -0.0825537 -0.0790075 0.0393140 0.0372638 0.0327452 0.0216455 0.0299715 0.0317937 0.0421413 0.0381782 0.8537917 0.0289705 0.0307951 0.0517992 0.0294213 0.0448834 0.0443543 0.0463902 0.0086852 0.0242844 0.0379091 0.0148846 0.0160365 0.0250258 0.0159879 0.0369833 -0.0486292 0.0107855 -0.0116800 -0.0215574 -0.0037051 0.0010422 0.0060105 -0.0165828 -0.0151837 -0.0122157 0.0387204 -0.0075857 0.0378926 0.0349410 0.0343918 0.0175247 0.0139024 0.0187391 0.0055519 0.0355522 0.0097019 0.0296426 -0.0006525 -0.0271301 -0.0268185 -0.0015204 -0.0050846 -0.0024986 -0.0162350 -0.0359746 -0.0193466 -0.0887113 -0.0941786 -0.0060388 -0.0159590 -0.0019004 -0.0443862 -0.0148251 -0.1563669 -0.0152209 -0.0528282 -0.0321681 -0.0328060 -0.0090186 -0.1134332 -0.0228906 -0.1171979
0.0140286 0.0155236 0.0166034 0.0156944 0.0161100 0.0158195 0.0171570 0.0162350 0.0145450 0.0132875 0.0120373 0.0126650 0.0150434 0.0131639 0.0156764 0.0157689 -0.0524608 -0.0429938 -0.0422824 -0.0507083 -0.0551098 -0.0424074 -0.0498218 -0.0457690 0.0267062 0.0248923 0.0246446 0.0235176 0.0269684 0.0306925 0.0330478 0.0275467 0.0289705 0.9466702 0.0187726 0.0292757 0.0231490 0.0246046 0.0248388 0.0252780 0.0097802 0.0165561 0.0250846 0.0093662 0.0113486 0.0219105 0.0159867 0.0268731 -0.0300924 0.0039937 -0.0041849 -0.0110180 0.0005020 0.0024713 0.0059322 -0.0101639 -0.0071226 -0.0049075 0.0272112 0.0000319 0.0307749 0.0291904 0.0287968 0.0121517 0.0112382 0.0137653 0.0037961 0.0272003 0.0084182 0.0214419 0.0025950 -0.0160360 -0.0128312 -0.0007717 -0.0004554 0.0010514 -0.0082512 -0.0213215 -0.0081954 -0.0617076 -0.0644742 -0.0018168 -0.0079219 0.0032814 -0.0272792 -0.0125201 -0.0987690 -0.0099620 -0.0343985 -0.0157456 -0.0165003 -0.0030260 -0.0689880 -0.0086503 -0.0808854
0.0011640 0.0011665 0.0040935 0.0037858 -0.0016165 -0.0026537 0.0019579 -0.0003904 -0.0037442 -0.0013850 -0.0041993 -0.0000778 -0.0036063 -0.0021325 0.0068137 0.0064755 -0.0496133 -0.0546054 -0.0577198 -0.0615294 -0.0661999 -0.0540028 -0.0608803 -0.0613557 0.0227643 0.0169489 0.0181548 0.0142701 0.0190081 0.0258669 0.0257838 0.0161350 0.0307951 0.0187726 0.8827122 0.0310767 0.0255095 0.0248044 0.0154765 0.0240761 -0.0009706 0.0088026 0.0258025 -0.0039498 0.0048794 0.0126556 0.0076407 0.0211506 -0.0276555 -0.0003976 -0.0034084 -0.0159275 -0.0012783 0.0025770 0.0030483 -0.0123054 0.0019485 0.0011398 0.0239311 0.0020540 0.0231818 0.0203951 0.0194947 0.0122581 0.0076157 0.0147864 0.0014445 0.0209382 0.0053035 0.0234639 0.0053495 -0.0132510 -0.0155170 -0.0047961 -0.0040799 -0.0007240 -0.0034051 -0.0170294 -0.0028792 -0.0577513 -0.0592870 0.0006634 0.0031211 0.0075206 -0.0222921 -0.0125107 -0.0954244 -0.0129165 -0.0236800 -0.0191629 -0.0198049 -0.0011773 -0.0723864 -0.0030137 -0.0744164
0.0181131 0.0192779 0.0242609 0.0194879 0.0226806 0.0199022 0.0227338 0.0227766 0.0190647 0.0194208 0.0183360 0.0205566 0.0202964 0.0185964 0.0188073 0.0243939 -0.0850215 -0.0719502 -0.0623555 -0.0764542 -0.0877096 -0.0657367 -0.0837936 -0.0717133 0.0402168 0.0385488 0.0312856 0.0339327 0.0337251 0.0405537 0.0479411 0.0420774 0.0517992 0.0292757 0.0310767 0.8621062 0.0406311 0.0385635 0.0424285 0.0404897 0.0102898 0.0207307 0.0371998 0.0121425 0.0132801 0.0305280 0.0218196 0.0261570 -0.0456832 0.0046749 -0.0120795 -0.0225354 -0.0004950 0.0000047 0.0003466 -0.0079168 -0.0189513 -0.0151112 0.0390002 -0.0070249 0.0395435 0.0383718 0.0376356 0.0143148 0.0176524 0.0216989 -0.0001917 0.0285820 0.0063987 0.0355311 -0.0014892 -0.0255885 -0.0226240 -0.0084680 -0.0047418 -0.0028190 -0.0185430 -0.0377709 -0.0215111 -0.1028668 -0.1051310 -0.0057755 -0.0133686 -0.0045105 -0.0465542 -0.0287716 -0.1564029 -0.0207390 -0.0622710 -0.0369089 -0.0379695 -0.0120963 -0.1157479 -0.0212117 -0.1335051
0.0093285 0.0088681 0.0144322 0.0112972 0.0092347 0.0055383 0.0068924 0.0082665 0.0073862 0.0032123 0.0064495 0.0066874 0.0089081 0.0082766 0.0097321 0.0097326 -0.0636519 -0.0548285 -0.0584919 -0.0557198 -0.0792000 -0.0583474 -0.0701517 -0.0575207 0.0281496 0.0223085 0.0286874 0.0277092 0.0246889 0.0339684 0.0382084 0.0308031 0.0294213 0.0231490 0.0255095 0.0406311 0.8682246 0.0299893 0.0354784 0.0293793 -0.0001329 0.0098428 0.0286475 0.0021460 0.0122427 0.0199224 0.0099143 0.0224802 -0.0366002 -0.0009949 -0.0090681 -0.0107043 -0.0041225 0.0004357 0.0097120 -0.0234520 -0.0123213 -0.0088885 0.0328362 0.0009262 0.0281679 0.0254693 0.0262955 0.0085382 0.0172079 0.0097545 0.0016049 0.0229320 0.0086351 0.0325760 -0.0015985 -0.0181375 -0.0163447 -0.0033737 -0.0006283 0.0004592 -0.0101251 -0.0300591 -0.0196950 -0.0909868 -0.0927596 -0.0067286 -0.0168947 0.0012821 -0.0312601 -0.0233918 -0.1226253 -0.0069101 -0.0388770 -0.0260642 -0.0268176 -0.0055704 -0.0920672 -0.0108024 -0.1035801
0.0087029 0.0125699 0.0087304 0.0148998 0.0098547 0.0060987 0.0103232 0.0101666 0.0072274 0.0056638 0.0049158 0.0028082 0.0107693 0.0053724 0.0149877 0.0147350 -0.0705889 -0.0629411 -0.0639513 -0.0746891 -0.0763557 -0.0593177 -0.0736408 -0.0614460 0.0291875 0.0257726 0.0247675 0.0257196 0.0309151 0.0449929 0.0434441 0.0316231 0.0448834 0.0246046 0.0248044 0.0385635 0.0299893 0.8754971 0.0331345 0.0419834 0.0050867 0.0202630 0.0397633 0.0096585 0.0087913 0.0232460 0.0200121 0.0283204 -0.0406607 0.0045214 -0.0053113 -0.0097667 -0.0015183 -0.0032817 0.0113238 -0.0139855 -0.0130347 -0.0021623 0.0298718 -0.0100024 0.0324118 0.0301464 0.0304342 0.0132444 0.0104140 0.0177771 0.0055262 0.0268562 0.0147473 0.0327493 0.0009936 -0.0270693 -0.0186106 -0.0026274 -0.0029959 -0.0022121 -0.0151615 -0.0221575 -0.0123180 -0.0830847 -0.0954403 -0.0018821 -0.0162518 0.0069293 -0.0322824 -0.0250786 -0.1299674 -0.0145709 -0.0426891 -0.0166013 -0.0192989 -0.0100193 -0.0993616 -0.0123556 -0.1114346
0.0165380 0.0197662 0.0188582 0.0194280 0.0213796 0.0137064 0.0197472 0.0193784 0.0142242 0.0166387 0.0146195 0.0145179 0.0204734 0.0146580 0.0180441 0.0196041 -0.0720492 -0.0595642 -0.0602597 -0.0682576 -0.0748333 -0.0637504 -0.0733880 -0.0611443 0.0251574 0.0274780 0.0256642 0.0244630 0.0290925 0.0287200 0.0383572 0.0339632 0.0443543 0.0248388 0.0154765 0.0424285 0.0354784 0.0331345 0.8589038 0.0343499 0.0050647 0.0126025 0.0263438 0.0124567 0.0068718 0.0308985 0.0172824 0.0266238 -0.0509496 0.0050911 -0.0124289 -0.0082191 -0.0068177 0.0001762 0.0122482 -0.0133792 -0.0100177 -0.0186027 0.0260407 -0.0146527 0.0321847 0.0260227 0.0255397 0.0139821 0.0119330 0.0140966 -0.0047350 0.0265422 0.0007953 0.0208958 -0.0060964 -0.0298222 -0.0253689 -0.0061561 -0.0050449 -0.0060269 -0.0047382 -0.0349578 -0.0140649 -0.0798066 -0.0880387 -0.0126541 -0.0208151 0.0024534 -0.0465679 -0.0210274 -0.1422124 -0.0197924 -0.0573840 -0.0274552 -0.0282359 -0.0080273 -0.1025361 -0.0249398 -0.1082126
