0.8785997 0.1776684 0.1439482 0.1645540 0.1488829 0.1434380 0.1469740 0.1524668 0.1470695 0.1434369 0.1442482 0.1517307 0.1420721 0.1402083 0.1345853 0.1373160 0.0321176 0.0517074 0.0534273 0.0480790 0.0447428 0.0679634 0.0475494 0.0518861 0.0708114 0.0658678 0.0703472 0.0556255 0.0591614 0.0564871 0.0674595 0.0558260 0.0679559 0.0545220 0.0536397 0.0709976 0.0620953 0.0604169 0.0691014 0.0638419 0.0551929 0.0486002 0.0492836 0.0488028 0.0639926 0.0620810 0.0510774 0.0337290 -0.0157517 0.0344406 0.0179735 0.0097069 0.0143507 0.0323510 0.0202740 0.0074429 -0.0015517 0.0081657 0.0403456 0.0220671 0.0437223 0.0270313 0.0254519 0.0378546 0.0152877 0.0367553 0.0084321 0.0349559 0.0053700 0.0525938 0.0125939 -0.0062022 -0.0018072 0.0336545 0.0177212 0.0215365 0.0137872 -0.0126393 0.0118413 -0.0718461 -0.0810879 0.0031120 0.0055363 0.0193630 -0.0322986 -0.0065847 -0.1213758 -0.0006173 -0.0369662 -0.0326156 -0.0330157 0.0105262 -0.0667666 -0.0020176 -0.1048300 -0.2736517 -0.2765927 -0.2755381 -0.2735244 -0.2734296 -0.2722940 -0.2729179 -0.2739922 -0.2752804 -0.2770702 -0.2793328 -0.2781286 -0.2779724 -0.2790790 -0.2793141 -0.2782102 -0.2819262 -0.2777753
0.1776684 0.8863206 0.1470523 0.1744119 0.1510503 0.1502307 0.1523742 0.1549169 0.1499511 0.1477097 0.1504537 0.1538751 0.1508519 0.1455983 0.1377119 0.1422724 0.0288179 0.0558883 0.0586215 0.0517194 0.0416332 0.0676312 0.0503917 0.0473344 0.0722231 0.0672547 0.0735685 0.0586313 0.0621128 0.0594311 0.0696099 0.0605397 0.0676145 0.0564520 0.0540390 0.0727351 0.0628551 0.0642558 0.0725604 0.0675260 0.0584612 0.0499546 0.0504322 0.0531027 0.0653369 0.0642357 0.0480590 0.0312186 -0.0163542 0.0394180 0.0182863 0.0090708 0.0155336 0.0316307 0.0211010 0.0075886 -0.0037910 0.0098702 0.0420009 0.0237890 0.0425782 0.0291158 0.0280632 0.0385454 0.0191677 0.0382253 0.0122631 0.0329314 0.0050588 0.0541044 0.0131404 -0.0066007 -0.0014487 0.0333336 0.0186488 0.0268878 0.0115052 -0.0142960 0.0142771 -0.0757411 -0.0826561 0.0028281 0.0055164 0.0175016 -0.0360250 -0.0050781 -0.1242437 0.0023770 -0.0385566 -0.0345338 -0.0363508 0.0124206 -0.0698019 0.0016494 -0.1059433 -0.2821333 -0.2860340 -0.2836865 -0.2816077 -0.2823735 -0.2821406 -0.2812527 -0.2856064 -0.2848220 -0.2865297 -0.2862989 -0.2887212 -0.2865329 -0.2878672 -0.2871704 -0.2874450 -0.2910991 -0.2870510
0.1439482 0.1470523 0.8817574 0.1434394 0.1887873 0.1827363 0.2003432 0.1900917 0.1538219 0.1522841 0.1532617 0.1563599 0.1528631 0.1495517 0.1424142 0.1449228 0.0363730 0.0546223 0.0633171 0.0499294 0.0464037 0.0706764 0.0527880 0.0512350 0.0705579 0.0662395 0.0748640 0.0621227 0.0608391 0.0604118 0.0717157 0.0584067 0.0699653 0.0567724 0.0562287 0.0760987 0.0669127 0.0611096 0.0717101 0.0697081 0.0626336 0.0531062 0.0486176 0.0504183 0.0686025 0.0684354 0.0506756 0.0305176 -0.0202392 0.0336955 0.0211058 0.0078120 0.0158531 0.0319460 0.0202123 0.0071867 -0.0013986 0.0074782 0.0372129 0.0219263 0.0419194 0.0253605 0.0255951 0.0328759 0.0131947 0.0315251 0.0082178 0.0314784 0.0030337 0.0504535 0.0111535 -0.0062356 -0.0026514 0.0348197 0.0203899 0.0230706 0.0106973 -0.0164932 0.0129510 -0.0794681 -0.0898973 0.0024613 0.0071048 0.0168521 -0.0372503 -0.0052987 -0.1236598 -0.0067878 -0.0413689 -0.0354226 -0.0364681 0.0096439 -0.0723100 -0.0020464 -0.1108264 -0.2848073 -0.2888170 -0.2875013 -0.2833908 -0.2836314 -0.2828236 -0.2845467 -0.2852701 -0.2876348 -0.2892520 -0.2900143 -0.2908787 -0.2896190 -0.2900803 -0.2908261 -0.2900988 -0.2939817 -0.2912064
0.1645540 0.1744119 0.1434394 0.8866184 0.1437898 0.1438955 0.1433835 0.1495171 0.1452650 0.1393436 0.1446603 0.1458829 0.1394826 0.1399603 0.1332040 0.1368112 0.0317636 0.0517365 0.0557619 0.0459973 0.0394326 0.0642396 0.0480426 0.0492814 0.0719239 0.0649755 0.0725270 0.0614648 0.0615894 0.0588307 0.0683443 0.0586022 0.0691256 0.0553403 0.0553795 0.0704625 0.0631818 0.0645780 0.0702320 0.0667148 0.0580998 0.0515154 0.0546762 0.0530622 0.0671323 0.0641457 0.0493902 0.0339894 -0.0146747 0.0374186 0.0225336 0.0085839 0.0158425 0.0326008 0.0244522 0.0076955 0.0001146 0.0117581 0.0418952 0.0258477 0.0418026 0.0280322 0.0282920 0.0390566 0.0203003 0.0348530 0.0089281 0.0363065 0.0059944 0.0549728 0.0136712 -0.0025744 -0.0018537 0.0343526 0.0210324 0.0237921 0.0130257 -0.0115818 0.0138851 -0.0730582 -0.0808874 0.0047436 0.0104650 0.0209724 -0.0337770 -0.0058830 -0.1226317 0.0006087 -0.0378462 -0.0312184 -0.0309018 0.0141755 -0.0681920 0.0006230 -0.1028713 -0.2765844 -0.2793879 -0.2767864 -0.2746373 -0.2765792 -0.2744462 -0.2755429 -0.2776444 -0.2783235 -0.2812140 -0.2808138 -0.2815978 -0.2811422 -0.2810701 -0.2809095 -0.2800479 -0.2849915 -0.2795289
0.1488829 0.1510503 0.1887873 0.1437898 0.8942932 0.1974249 0.2021868 0.1996282 0.1563069 0.1539034 0.1558888 0.1601855 0.1546519 0.1520623 0.1421181 0.1481058 0.0359912 0.0612425 0.0636099 0.0566900 0.0505406 0.0759139 0.0588924 0.0562716 0.0724771 0.0646460 0.0737218 0.0584569 0.0595831 0.0569947 0.0697901 0.0571988 0.0677185 0.0558812 0.0509535 0.0735677 0.0622175 0.0614552 0.0727379 0.0655568 0.0641806 0.0512372 0.0465391 0.0511552 0.0676879 0.0640097 0.0507043 0.0252724 -0.0183960 0.0342686 0.0171125 0.0106214 0.0116617 0.0318306 0.0174761 0.0050090 -0.0047642 0.0066850 0.0358036 0.0157321 0.0401621 0.0267042 0.0233676 0.0330832 0.0156300 0.0339902 0.0059120 0.0262230 0.0011068 0.0542970 0.0082694 -0.0101122 -0.0063487 0.0335685 0.0186591 0.0230853 0.0088591 -0.0188130 0.0113448 -0.0806496 -0.0917797 0.0000687 0.0024188 0.0147263 -0.0372842 -0.0068147 -0.1234672 -0.0065245 -0.0410980 -0.0386840 -0.0392329 0.0092862 -0.0711563 -0.0074370 -0.1077812 -0.2830544 -0.2851486 -0.2832669 -0.2800601 -0.2813485 -0.2801251 -0.2813766 -0.2819607 -0.2824802 -0.2849406 -0.2874871 -0.2873675 -0.2865396 -0.2876458 -0.2867323 -0.2863936 -0.2915256 -0.2861449
0.1434380 0.1502307 0.1827363 0.1438955 0.1974249 0.8905302 0.1954706 0.1934816 0.1541752 0.1523878 0.1541975 0.1600402 0.1514858 0.1502684 0.1415216 0.1469159 0.0362018 0.0563820 0.0629548 0.0533698 0.0472723 0.0716325 0.0549264 0.0531560 0.0736919 0.0678451 0.0739516 0.0594538 0.0623281 0.0604961 0.0667703 0.0567311 0.0706781 0.0556063 0.0506044 0.0712970 0.0595057 0.0575964 0.0665318 0.0660561 0.0616956 0.0504935 0.0502298 0.0499913 0.0677246 0.0639093 0.0504798 0.0258575 -0.0187398 0.0322594 0.0147349 0.0103417 0.0128087 0.0321323 0.0167411 0.0078190 -0.0078318 0.0059126 0.0347408 0.0180838 0.0401934 0.0236141 0.0227727 0.0354281 0.0152432 0.0349253 0.0062923 0.0268170 0.0045400 0.0536326 0.0069324 -0.0095376 -0.0055774 0.0328017 0.0179297 0.0222516 0.0105953 -0.0198990 0.0125884 -0.0787361 -0.0913398 0.0011034 0.0062246 0.0167317 -0.0386434 -0.0031756 -0.1233137 -0.0068924 -0.0403404 -0.0400436 -0.0415502 0.0094929 -0.0695967 -0.0073796 -0.1063277 -0.2821563 -0.2839311 -0.2840565 -0.2803169 -0.2806964 -0.2797550 -0.2812939 -0.2831518 -0.2820762 -0.2868404 -0.2861010 -0.2864867 -0.2872983 -0.2879781 -0.2859785 -0.2852302 -0.2888904 -0.2876033
0.1469740 0.1523742 0.2003432 0.1433835 0.2021868 0.1954706 0.8876323 0.2067160 0.1566317 0.1552869 0.1571142 0.1624676 0.1541616 0.1554294 0.1416201 0.1495281 0.0330555 0.0570322 0.0639618 0.0557651 0.0471265 0.0712892 0.0551763 0.0491310 0.0734240 0.0679718 0.0750924 0.0619870 0.0620663 0.0622693 0.0702842 0.0602059 0.0717883 0.0578480 0.0559585 0.0755154 0.0618741 0.0630589 0.0730840 0.0721431 0.0633705 0.0507557 0.0500866 0.0517888 0.0672080 0.0645908 0.0512141 0.0280807 -0.0182354 0.0343611 0.0184752 0.0090012 0.0132776 0.0330851 0.0168402 0.0072412 -0.0020324 0.0064807 0.0362083 0.0150232 0.0400450 0.0279532 0.0254950 0.0369582 0.0185798 0.0373642 0.0100805 0.0301610 0.0036685 0.0566097 0.0097268 -0.0082838 -0.0049734 0.0347059 0.0202859 0.0245614 0.0107365 -0.0165603 0.0122913 -0.0801240 -0.0909174 0.0017465 0.0069424 0.0152702 -0.0373507 -0.0047844 -0.1286220 -0.0068841 -0.0411444 -0.0363892 -0.0378084 0.0083696 -0.0737396 -0.0069786 -0.1123756 -0.2909778 -0.2949584 -0.2925827 -0.2908970 -0.2911579 -0.2883275 -0.2918349 -0.2930175 -0.2926737 -0.2958460 -0.2959417 -0.2979893 -0.2953091 -0.2974993 -0.2963549 -0.2969353 -0.2971927 -0.2963561
0.1524668 0.1549169 0.1900917 0.1495171 0.1996282 0.1934816 0.2067160 0.8965393 0.1613320 0.1561275 0.1602505 0.1674508 0.1562707 0.1573312 0.1465682 0.1500185 0.0372198 0.0579147 0.0686515 0.0574129 0.0507919 0.0771498 0.0584409 0.0518883 0.0731206 0.0686199 0.0740216 0.0604499 0.0610554 0.0584794 0.0692247 0.0589951 0.0715987 0.0573494 0.0535665 0.0751472 0.0631081 0.0626297 0.0723729 0.0690451 0.0642836 0.0504778 0.0498284 0.0526458 0.0659658 0.0667015 0.0497304 0.0277320 -0.0193559 0.0343124 0.0151455 0.0128585 0.0116931 0.0335568 0.0192767 0.0057728 -0.0042183 0.0034763 0.0332213 0.0183695 0.0408427 0.0248215 0.0234899 0.0327026 0.0149192 0.0355325 0.0062088 0.0284021 0.0036745 0.0536954 0.0091572 -0.0076213 -0.0055047 0.0363067 0.0182177 0.0241644 0.0109303 -0.0186498 0.0122171 -0.0807814 -0.0918539 -0.0003987 0.0060576 0.0163978 -0.0356274 -0.0063051 -0.1263153 -0.0034421 -0.0421497 -0.0389151 -0.0404003 0.0090755 -0.0720863 -0.0046447 -0.1088628 -0.2891099 -0.2919870 -0.2899821 -0.2870975 -0.2886659 -0.2871889 -0.2886702 -0.2905379 -0.2910680 -0.2929542 -0.2944075 -0.2936175 -0.2940949 -0.2942986 -0.2943152 -0.2931412 -0.2973706 -0.2936183
0.1470695 0.1499511 0.1538219 0.1452650 0.1563069 0.1541752 0.1566317 0.1613320 0.8987196 0.1882702 0.1972314 0.1944228 0.1912967 0.1854098 0.1491964 0.1547739 0.0372433 0.0607620 0.0659362 0.0617983 0.0502943 0.0754335 0.0610453 0.0563633 0.0730282 0.0639505 0.0724678 0.0607072 0.0605579 0.0585165 0.0669697 0.0591982 0.0686087 0.0559549 0.0507979 0.0717380 0.0610398 0.0601813 0.0679469 0.0659208 0.0614448 0.0448678 0.0462570 0.0556215 0.0698236 0.0643225 0.0529052 0.0276083 -0.0194205 0.0332548 0.0191326 0.0043979 0.0104495 0.0320668 0.0221851 0.0068444 -0.0067948 0.0087416 0.0332868 0.0188057 0.0373190 0.0233223 0.0231867 0.0322564 0.0133129 0.0360120 0.0070550 0.0288729 0.0019921 0.0542734 0.0087247 -0.0085182 -0.0008687 0.0318633 0.0163466 0.0208589 0.0049613 -0.0177093 0.0121549 -0.0799200 -0.0871301 0.0008163 -0.0005501 0.0177394 -0.0407819 -0.0088851 -0.1205186 -0.0033325 -0.0422190 -0.0453341 -0.0455958 0.0103625 -0.0728283 -0.0051579 -0.1094925 -0.2850253 -0.2872023 -0.2845339 -0.2822940 -0.2826669 -0.2826039 -0.2838731 -0.2852995 -0.2860533 -0.2874019 -0.2891878 -0.2876618 -0.2885368 -0.2892451 -0.2878013 -0.2893770 -0.2940789 -0.2880246
0.1434369 0.1477097 0.1522841 0.1393436 0.1539034 0.1523878 0.1552869 0.1561275 0.1882702 0.8928325 0.1849961 0.1909630 0.1993289 0.1838251 0.1416815 0.1493505 0.0354115 0.0590888 0.0619422 0.0607523 0.0501164 0.0731857 0.0587472 0.0573068 0.0695837 0.0630229 0.0692726 0.0595688 0.0584554 0.0545014 0.0640198 0.0554844 0.0671115 0.0540377 0.0511752 0.0714414 0.0567406 0.0571319 0.0690004 0.0659327 0.0576607 0.0460376 0.0459026 0.0540427 0.0660132 0.0607333 0.0484801 0.0271237 -0.0214178 0.0329505 0.0167353 0.0097523 0.0111522 0.0333609 0.0157166 0.0066369 -0.0063435 0.0052803 0.0323200 0.0175708 0.0369459 0.0221642 0.0199433 0.0293655 0.0142112 0.0334209 0.0046655 0.0277269 -0.0001635 0.0488953 0.0057552 -0.0088069 -0.0030160 0.0297597 0.0144127 0.0206493 0.0059751 -0.0180313 0.0113228 -0.0775048 -0.0893054 -0.0006407 0.0019650 0.0163686 -0.0414021 -0.0070081 -0.1199792 -0.0078036 -0.0420986 -0.0430613 -0.0429023 0.0078624 -0.0702129 -0.0080833 -0.1051965 -0.2778010 -0.2791916 -0.2794211 -0.2745186 -0.2750138 -0.2738336 -0.2769343 -0.2765919 -0.2780565 -0.2797899 -0.2816523 -0.2813554 -0.2798949 -0.2813753 -0.2810565 -0.2806433 -0.2843140 -0.2812228
0.1442482 0.1504537 0.1532617 0.1446603 0.1558888 0.1541975 0.1571142 0.1602505 0.1972314 0.1849961 0.9162325 0.2024581 0.1902815 0.1862854 0.1485823 0.1510578 0.0422680 0.0649848 0.0726685 0.0640976 0.0569027 0.0793949 0.0648351 0.0596131 0.0667662 0.0599970 0.0681163 0.0578791 0.0581477 0.0524170 0.0633742 0.0518150 0.0631346 0.0526595 0.0481318 0.0689553 0.0582855 0.0562604 0.0663942 0.0614844 0.0592142 0.0456613 0.0442242 0.0515122 0.0657375 0.0615362 0.0469726 0.0219489 -0.0206974 0.0290974 0.0175902 0.0057102 0.0086220 0.0283052 0.0159948 0.0043677 -0.0086376 0.0065572 0.0320062 0.0188378 0.0323303 0.0173270 0.0165905 0.0285486 0.0092097 0.0311333 0.0026685 0.0231919 -0.0034343 0.0458018 0.0031588 -0.0122410 -0.0050826 0.0296811 0.0151995 0.0186574 0.0048700 -0.0181443 0.0067328 -0.0789055 -0.0890253 -0.0041380 0.0014755 0.0129933 -0.0435774 -0.0129386 -0.1172397 -0.0075320 -0.0458482 -0.0456508 -0.0456326 0.0078800 -0.0711471 -0.0067405 -0.1074192 -0.2711743 -0.2744101 -0.2729001 -0.2686379 -0.2706161 -0.2698582 -0.2710155 -0.2721395 -0.2721927 -0.2724090 -0.2756083 -0.2755839 -0.2752227 -0.2769569 -0.2749564 -0.2775840 -0.2815031 -0.2754140
0.1517307 0.1538751 0.1563599 0.1458829 0.1601855 0.1600402 0.1624676 0.1674508 0.1944228 0.1909630 0.2024581 0.9104195 0.1955560 0.1901480 0.1460295 0.1565828 0.0391895 0.0646356 0.0694271 0.0632783 0.0528918 0.0799761 0.0640780 0.0580212 0.0675275 0.0599664 0.0699991 0.0580635 0.0576436 0.0525003 0.0630807 0.0538933 0.0647842 0.0537911 0.0526468 0.0725057 0.0597066 0.0559954 0.0676600 0.0627677 0.0610259 0.0450930 0.0472299 0.0514644 0.0682073 0.0603887 0.0500504 0.0224796 -0.0237421 0.0293051 0.0159678 0.0065130 0.0111290 0.0323399 0.0160786 0.0028623 -0.0076779 0.0096777 0.0309604 0.0154588 0.0323406 0.0182683 0.0175821 0.0280973 0.0114725 0.0308526 0.0045477 0.0241774 -0.0021712 0.0504608 0.0065943 -0.0124715 -0.0049552 0.0276625 0.0122949 0.0206291 0.0048862 -0.0218399 0.0100577 -0.0784874 -0.0899496 -0.0039828 0.0004005 0.0113776 -0.0459492 -0.0110284 -0.1177400 -0.0091780 -0.0449136 -0.0462204 -0.0466303 0.0042049 -0.0691408 -0.0113650 -0.1094103 -0.2790808 -0.2803257 -0.2789025 -0.2760961 -0.2773358 -0.2769048 -0.2779098 -0.2776724 -0.2806147 -0.2794082 -0.2816038 -0.2819943 -0.2818321 -0.2818914 -0.2811657 -0.2828424 -0.2864662 -0.2827041
0.1420721 0.1508519 0.1528631 0.1394826 0.1546519 0.1514858 0.1541616 0.1562707 0.1912967 0.1993289 0.1902815 0.1955560 0.8994453 0.1916731 0.1452200 0.1502214 0.0331176 0.0600627 0.0646214 0.0581116 0.0492858 0.0749670 0.0589913 0.0546201 0.0694087 0.0632017 0.0740093 0.0592352 0.0604216 0.0564253 0.0661439 0.0571361 0.0692083 0.0553821 0.0492081 0.0718557 0.0620234 0.0612031 0.0711201 0.0644988 0.0590904 0.0462490 0.0483619 0.0566718 0.0671131 0.0632194 0.0526791 0.0247106 -0.0203322 0.0341155 0.0145130 0.0109120 0.0149429 0.0288025 0.0196981 0.0053962 -0.0068255 0.0081604 0.0361952 0.0177195 0.0399571 0.0224635 0.0219469 0.0297743 0.0168052 0.0348645 0.0047525 0.0269239 0.0003561 0.0513743 0.0073565 -0.0080944 -0.0056097 0.0327154 0.0162729 0.0229310 0.0071255 -0.0166472 0.0120149 -0.0810202 -0.0896286 -0.0019061 0.0003599 0.0171224 -0.0421552 -0.0091332 -0.1224879 -0.0066872 -0.0429701 -0.0435394 -0.0434455 0.0085233 -0.0738957 -0.0057753 -0.1097149 -0.2826154 -0.2855711 -0.2837893 -0.2786874 -0.2800570 -0.2801098 -0.2820810 -0.2826677 -0.2838526 -0.2849154 -0.2876583 -0.2861188 -0.2873615 -0.2881926 -0.2869756 -0.2865480 -0.2919088 -0.2872650
0.1402083 0.1455983 0.1495517 0.1399603 0.1520623 0.1502684 0.1554294 0.1573312 0.1854098 0.1838251 0.1862854 0.1901480 0.1916731 0.9011409 0.1450627 0.1437829 0.0391585 0.0608384 0.0668697 0.0563299 0.0498750 0.0754507 0.0577863 0.0565422 0.0709595 0.0585301 0.0684192 0.0593657 0.0603589 0.0536914 0.0627143 0.0550518 0.0634331 0.0541015 0.0506067 0.0712746 0.0611300 0.0573697 0.0675353 0.0663505 0.0579031 0.0475932 0.0487582 0.0530217 0.0656573 0.0627151 0.0504201 0.0279455 -0.0198431 0.0321039 0.0166494 0.0080495 0.0109139 0.0289792 0.0186309 0.0069382 -0.0081946 0.0074629 0.0354305 0.0184064 0.0377858 0.0212273 0.0205855 0.0320473 0.0144281 0.0321317 0.0041291 0.0295135 0.0009555 0.0495297 0.0060142 -0.0112202 -0.0040703 0.0317021 0.0172961 0.0240404 0.0091891 -0.0177571 0.0103551 -0.0792006 -0.0878606 -0.0032572 0.0015258 0.0149327 -0.0420994 -0.0087188 -0.1199193 -0.0072816 -0.0429288 -0.0416695 -0.0419516 0.0095671 -0.0725508 -0.0008783 -0.1084192 -0.2776216 -0.2798665 -0.2784314 -0.2759624 -0.2766124 -0.2748906 -0.2777958 -0.2775815 -0.2791005 -0.2793904 -0.2818689 -0.2819866 -0.2804138 -0.2829774 -0.2821088 -0.2816206 -0.2850812 -0.2827566
0.1345853 0.1377119 0.1424142 0.1332040 0.1421181 0.1415216 0.1416201 0.1465682 0.1491964 0.1416815 0.1485823 0.1460295 0.1452200 0.1450627 0.8796133 0.1392799 0.0291926 0.0483633 0.0532572 0.0425540 0.0384469 0.0662371 0.0449986 0.0440189 0.0710841 0.0676946 0.0758312 0.0620876 0.0638942 0.0616896 0.0720353 0.0591547 0.0718878 0.0568279 0.0594219 0.0721696 0.0633440 0.0665351 0.0714736 0.0695738 0.0599346 0.0520869 0.0529247 0.0555946 0.0658362 0.0682411 0.0491282 0.0365399 -0.0153641 0.0374408 0.0238577 0.0110508 0.0179756 0.0364378 0.0272331 0.0072812 0.0020018 0.0165415 0.0439759 0.0257193 0.0458957 0.0322269 0.0292483 0.0349780 0.0223703 0.0369782 0.0141985 0.0378421 0.0089684 0.0554013 0.0157936 -0.0010224 0.0030299 0.0334779 0.0217175 0.0245765 0.0112270 -0.0123144 0.0159376 -0.0693552 -0.0797019 0.0095830 0.0136661 0.0231872 -0.0302439 -0.0013924 -0.1211823 0.0016234 -0.0351655 -0.0298362 -0.0299069 0.0132847 -0.0664124 0.0002565 -0.1011555 -0.2780946 -0.2828686 -0.2825024 -0.2787990 -0.2785959 -0.2768290 -0.2810118 -0.2809315 -0.2812539 -0.2842064 -0.2848529 -0.2847900 -0.2844636 -0.2847623 -0.2855340 -0.2850286 -0.2881107 -0.2857843
0.1373160 0.1422724 0.1449228 0.1368112 0.1481058 0.1469159 0.1495281 0.1500185 0.1547739 0.1493505 0.1510578 0.1565828 0.1502214 0.1437829 0.1392799 0.8831643 0.0260216 0.0513655 0.0547897 0.0502282 0.0402117 0.0651499 0.0477728 0.0475919 0.0741621 0.0716182 0.0769176 0.0621849 0.0660526 0.0626477 0.0734000 0.0649887 0.0782460 0.0570798 0.0592305 0.0768298 0.0633461 0.0671087 0.0729066 0.0686167 0.0631239 0.0538036 0.0574686 0.0533690 0.0666229 0.0693275 0.0541756 0.0330776 -0.0138818 0.0365115 0.0233602 0.0104694 0.0172930 0.0371205 0.0249039 0.0069454 -0.0005592 0.0151835 0.0418448 0.0249583 0.0472443 0.0312462 0.0300002 0.0365521 0.0232064 0.0407214 0.0140433 0.0352348 0.0070085 0.0557121 0.0174827 -0.0040461 0.0029915 0.0369688 0.0204371 0.0297602 0.0128162 -0.0135018 0.0156914 -0.0706108 -0.0812892 0.0080851 0.0082924 0.0195164 -0.0305713 -0.0022465 -0.1223361 0.0011799 -0.0358907 -0.0332077 -0.0332821 0.0150156 -0.0498774 -0.0025649 -0.1045244 -0.2834350 -0.2867331 -0.2855090 -0.2796985 -0.2825207 -0.2799003 -0.2830181 -0.2841578 -0.2858198 -0.2871297 -0.2889799 -0.2888635 -0.2885587 -0.2897765 -0.2894522 -0.2894696 -0.2922175 -0.2891639
0.0321176 0.0288179 0.0363730 0.0317636 0.0359912 0.0362018 0.0330555 0.0372198 0.0372433 0.0354115 0.0422680 0.0391895 0.0331176 0.0391585 0.0291926 0.0260216 0.9830092 0.0444351 0.0508479 0.0651551 0.0622982 0.0471765 0.0530836 0.0623837 -0.0162401 -0.0194251 -0.0165437 -0.0129413 -0.0220843 -0.0242900 -0.0256789 -0.0287024 -0.0266394 -0.0082945 -0.0155878 -0.0195499 -0.0155610 -0.0173143 -0.0178453 -0.0185476 -0.0022878 -0.0128086 -0.0296276 -0.0151300 -0.0111352 -0.0109572 -0.0113301 -0.0389321 -0.0097595 -0.0237257 -0.0183934 -0.0089463 -0.0336307 -0.0107856 -0.0173694 -0.0204130 -0.0198307 -0.0232071 -0.0370250 -0.0205076 -0.0308103 -0.0411370 -0.0405031 -0.0271714 -0.0320839 -0.0248253 -0.0373107 -0.0378426 -0.0370214 -0.0226908 -0.0321780 -0.0206130 -0.0180915 -0.0150465 -0.0237298 -0.0227799 -0.0192797 -0.0279574 -0.0154561 -0.0203459 -0.0229525 -0.0294347 -0.0179420 -0.0229886 -0.0260475 -0.0294418 -0.0024976 -0.0238873 -0.0202759 -0.0561521 -0.0555740 -0.0380930 -0.0088719 -0.0221458 -0.0147005 0.0123525 0.0127035 0.0125818 0.0143408 0.0129005 0.0121201 0.0134680 0.0149831 0.0134964 0.0151254 0.0134199 0.0123726 0.0136337 0.0127898 0.0132880 0.0146203 0.0064402 0.0125886
0.0517074 0.0558883 0.0546223 0.0517365 0.0612425 0.0563820 0.0570322 0.0579147 0.0607620 0.0590888 0.0649848 0.0646356 0.0600627 0.0608384 0.0483633 0.0513655 0.0444351 0.9541421 0.0649925 0.0629909 0.0556982 0.0599471 0.0597203 0.0549723 0.0024746 -0.0080022 -0.0003214 -0.0042402 -0.0018683 -0.0113320 -0.0082863 -0.0110310 -0.0069945 0.0035387 -0.0099906 -0.0051630 -0.0033167 -0.0058258 -0.0025186 -0.0063017 0.0073406 -0.0121744 -0.0100273 -0.0003890 0.0067067 -0.0025410 -0.0052328 -0.0252648 -0.0206510 -0.0137958 -0.0095787 -0.0189537 -0.0222633 -0.0017039 -0.0243176 -0.0178826 -0.0221949 -0.0141316 -0.0211540 -0.0132456 -0.0205610 -0.0301648 -0.0307268 -0.0158434 -0.0230903 -0.0174036 -0.0283600 -0.0248834 -0.0344394 -0.0095321 -0.0254962 -0.0169396 -0.0172902 -0.0062680 -0.0155838 -0.0021442 -0.0158963 -0.0185426 -0.0076736 -0.0324112 -0.0381686 -0.0214991 -0.0145425 -0.0157161 -0.0253339 -0.0162341 -0.0233576 -0.0240970 -0.0267314 -0.0466093 -0.0466595 -0.0204627 -0.0149719 -0.0277833 -0.0272437 -0.0435593 -0.0462753 -0.0452731 -0.0413766 -0.0437473 -0.0432368 -0.0454925 -0.0445976 -0.0427288 -0.0421478 -0.0457760 -0.0471695 -0.0477451 -0.0466226 -0.0450089 -0.0458615 -0.0513676 -0.0443577
0.0534273 0.0586215 0.0633171 0.0557619 0.0636099 0.0629548 0.0639618 0.0686515 0.0659362 0.0619422 0.0726685 0.0694271 0.0646214 0.0668697 0.0532572 0.0547897 0.0508479 0.0649925 0.9680659 0.0656519 0.0693209 0.0674430 0.0619916 0.0615439 0.0005331 -0.0032302 0.0037160 -0.0048212 -0.0062618 -0.0131764 -0.0087758 -0.0129029 -0.0095947 0.0024676 -0.0156584 -0.0009175 -0.0065612 -0.0086107 -0.0036664 -0.0016639 0.0046377 -0.0109427 -0.0156487 -0.0050259 0.0139289 -0.0011374 -0.0082981 -0.0273260 -0.0171073 -0.0113088 -0.0122839 -0.0190466 -0.0183230 -0.0038858 -0.0192855 -0.0110265 -0.0281721 -0.0200365 -0.0250510 -0.0121430 -0.0241992 -0.0318816 -0.0313621 -0.0127255 -0.0274760 -0.0189279 -0.0295025 -0.0253037 -0.0404476 -0.0102026 -0.0331688 -0.0283477 -0.0223002 -0.0063987 -0.0195229 -0.0111716 -0.0160435 -0.0264314 -0.0146730 -0.0324074 -0.0338997 -0.0310485 -0.0137494 -0.0249918 -0.0334841 -0.0234006 -0.0274137 -0.0260414 -0.0405239 -0.0504505 -0.0521216 -0.0242666 -0.0188825 -0.0272315 -0.0375369 -0.0415714 -0.0436087 -0.0439783 -0.0408172 -0.0404896 -0.0412024 -0.0423816 -0.0408995 -0.0432474 -0.0389347 -0.0431400 -0.0452082 -0.0427723 -0.0428791 -0.0442120 -0.0421411 -0.0456346 -0.0448417
0.0480790 0.0517194 0.0499294 0.0459973 0.0566900 0.0533698 0.0557651 0.0574129 0.0617983 0.0607523 0.0640976 0.0632783 0.0581116 0.0563299 0.0425540 0.0502282 0.0651551 0.0629909 0.0656519 0.9944858 0.0632442 0.0752626 0.0816503 0.0610913 -0.0092803 -0.0147624 -0.0096348 -0.0138738 -0.0172597 -0.0237388 -0.0232820 -0.0229457 -0.0192943 -0.0045188 -0.0191403 -0.0120687 -0.0092051 -0.0180831 -0.0128322 -0.0162255 -0.0071852 -0.0197556 -0.0294961 -0.0123477 -0.0014150 -0.0152622 -0.0206286 -0.0321978 -0.0189279 -0.0171258 -0.0142057 -0.0110725 -0.0174846 -0.0111698 -0.0273895 -0.0294797 -0.0286303 -0.0189434 -0.0324104 -0.0154137 -0.0329780 -0.0414941 -0.0420235 -0.0307904 -0.0304021 -0.0277247 -0.0340608 -0.0317096 -0.0475384 -0.0157581 -0.0362263 -0.0306644 -0.0255119 -0.0026522 -0.0195481 -0.0232111 -0.0239687 -0.0316255 -0.0211000 -0.0321920 -0.0484097 -0.0367976 -0.0376448 -0.0221402 -0.0426943 -0.0294495 -0.0084899 -0.0245431 -0.0264750 -0.0516203 -0.0522360 -0.0291371 -0.0064759 -0.0467461 -0.0228340 -0.0130248 -0.0145192 -0.0131396 -0.0100540 -0.0094253 -0.0126164 -0.0139239 -0.0083491 -0.0093901 -0.0085160 -0.0101753 -0.0117380 -0.0095085 -0.0116823 -0.0090694 -0.0106826 -0.0141125 -0.0137737
0.0447428 0.0416332 0.0464037 0.0394326 0.0505406 0.0472723 0.0471265 0.0507919 0.0502943 0.0501164 0.0569027 0.0528918 0.0492858 0.0498750 0.0384469 0.0402117 0.0622982 0.0556982 0.0693209 0.0632442 1.0053844 0.0696808 0.0676142 0.0676054 -0.0176937 -0.0185442 -0.0100537 -0.0197310 -0.0234042 -0.0326375 -0.0235401 -0.0308084 -0.0296675 -0.0096491 -0.0273475 -0.0215378 -0.0269618 -0.0208702 -0.0201887 -0.0192385 -0.0041782 -0.0214386 -0.0323943 -0.0172615 -0.0074640 -0.0153040 -0.0195584 -0.0477940 -0.0164517 -0.0204330 -0.0245533 -0.0094099 -0.0263531 -0.0203010 -0.0361271 -0.0248061 -0.0317775 -0.0314153 -0.0432754 -0.0247695 -0.0397502 -0.0421593 -0.0439968 -0.0269605 -0.0381202 -0.0329327 -0.0404291 -0.0486281 -0.0475654 -0.0212415 -0.0357377 -0.0264693 -0.0254974 -0.0159813 -0.0257429 -0.0308820 -0.0238153 -0.0203109 -0.0254214 -0.0289777 -0.0332955 -0.0377865 -0.0304643 -0.0237978 -0.0376596 -0.0376953 0.0019213 -0.0286800 -0.0237813 -0.0582972 -0.0592674 -0.0290046 -0.0041051 -0.0269190 -0.0213057 0.0111387 0.0135177 0.0139703 0.0155031 0.0145957 0.0130970 0.0126664 0.0152453 0.0141301 0.0161638 0.0127255 0.0127444 0.0147938 0.0120452 0.0148445 0.0137553 0.0078035 0.0137341
0.0679634 0.0676312 0.0706764 0.0642396 0.0759139 0.0716325 0.0712892 0.0771498 0.0754335 0.0731857 0.0793949 0.0799761 0.0749670 0.0754507 0.0662371 0.0651499 0.0471765 0.0599471 0.0674430 0.0752626 0.0696808 0.9770293 0.0738572 0.0709415 -0.0018945 -0.0001415 0.0033339 0.0020382 -0.0074184 -0.0141990 -0.0078112 -0.0109243 -0.0080662 0.0046533 -0.0091737 -0.0014458 -0.0050791 -0.0032390 -0.0054714 -0.0001194 0.0043794 -0.0118019 -0.0149988 -0.0017401 0.0095215 -0.0034811 -0.0084763 -0.0265052 -0.0169447 -0.0147025 -0.0079003 -0.0080655 -0.0097962 -0.0071379 -0.0239180 -0.0199940 -0.0306323 -0.0133279 -0.0190897 -0.0093478 -0.0276239 -0.0295164 -0.0302328 -0.0190633 -0.0323922 -0.0209345 -0.0337551 -0.0255641 -0.0395348 -0.0084319 -0.0351412 -0.0254027 -0.0226833 -0.0035725 -0.0180387 -0.0126051 -0.0147484 -0.0178085 -0.0014301 -0.0385671 -0.0496055 -0.0333212 -0.0283647 -0.0138752 -0.0404480 -0.0233082 -0.0276587 -0.0255748 -0.0348258 -0.0490701 -0.0489629 -0.0251062 -0.0180574 -0.0322311 -0.0379189 -0.0565693 -0.0561792 -0.0573643 -0.0526480 -0.0542319 -0.0558076 -0.0536812 -0.0535431 -0.0553896 -0.0525175 -0.0545178 -0.0542784 -0.0528403 -0.0550699 -0.0523121 -0.0570944 -0.0586812 -0.0561771
0.0475494 0.0503917 0.0527880 0.0480426 0.0588924 0.0549264 0.0551763 0.0584409 0.0610453 0.0587472 0.0648351 0.0640780 0.0589913 0.0577863 0.0449986 0.0477728 0.0530836 0.0597203 0.0619916 0.0816503 0.0676142 0.0738572 0.9832752 0.0662969 -0.0111116 -0.0186688 -0.0129915 -0.0165685 -0.0191421 -0.0249429 -0.0178820 -0.0231178 -0.0208891 -0.0058530 -0.0217158 -0.0185623 -0.0186348 -0.0190776 -0.0179839 -0.0165643 -0.0008415 -0.0179990 -0.0272147 -0.0109063 -0.0065626 -0.0110086 -0.0192134 -0.0380681 -0.0242180 -0.0189589 -0.0144090 -0.0109359 -0.0257024 -0.0134607 -0.0317389 -0.0218323 -0.0363676 -0.0154257 -0.0319126 -0.0183428 -0.0380219 -0.0417617 -0.0410382 -0.0329904 -0.0383260 -0.0249525 -0.0404843 -0.0379689 -0.0466260 -0.0189982 -0.0427972 -0.0277034 -0.0300597 -0.0079630 -0.0269418 -0.0251634 -0.0222819 -0.0311008 -0.0168754 -0.0279162 -0.0427460 -0.0345468 -0.0304429 -0.0197980 -0.0352247 -0.0299183 -0.0131621 -0.0202759 -0.0251488 -0.0585835 -0.0586295 -0.0335479 -0.0106717 -0.0361388 -0.0216759 -0.0049287 -0.0034764 -0.0063342 0.0007401 -0.0040677 -0.0017399 -0.0029200 -0.0013419 -0.0023637 0.0003365 -0.0039306 -0.0041005 -0.0014734 -0.0020624 -0.0008362 -0.0037136 -0.0077480 -0.0004147
0.0518861 0.0473344 0.0512350 0.0492814 0.0562716 0.0531560 0.0491310 0.0518883 0.0563633 0.0573068 0.0596131 0.0580212 0.0546201 0.0565422 0.0440189 0.0475919 0.0623837 0.0549723 0.0615439 0.0610913 0.0676054 0.0709415 0.0662969 0.9692776 -0.0019714 -0.0012358 -0.0045485 -0.0029579 -0.0097816 -0.0157966 -0.0127603 -0.0114040 -0.0138981 0.0006760 -0.0168262 -0.0059055 -0.0068042 -0.0056525 -0.0043812 -0.0085941 0.0052570 -0.0119908 -0.0194106 -0.0051166 0.0050068 -0.0025094 -0.0059793 -0.0321487 -0.0199826 -0.0144864 -0.0086917 -0.0051641 -0.0208910 -0.0083483 -0.0156647 -0.0191653 -0.0241229 -0.0179319 -0.0253213 -0.0202227 -0.0223618 -0.0302053 -0.0302831 -0.0236795 -0.0297408 -0.0232872 -0.0314849 -0.0312743 -0.0322208 -0.0066007 -0.0269781 -0.0171778 -0.0176165 -0.0100964 -0.0188362 -0.0125869 -0.0123299 -0.0178279 -0.0187969 -0.0322298 -0.0443805 -0.0312647 -0.0203010 -0.0186059 -0.0270968 -0.0274644 -0.0166038 -0.0278268 -0.0330033 -0.0422305 -0.0431312 -0.0274004 -0.0145529 -0.0278303 -0.0274742 -0.0339201 -0.0325019 -0.0348510 -0.0296963 -0.0301623 -0.0310414 -0.0304546 -0.0291590 -0.0301338 -0.0301402 -0.0320490 -0.0302795 -0.0339982 -0.0324015 -0.0306854 -0.0323807 -0.0357919 -0.0322392
0.0708114 0.0722231 0.0705579 0.0719239 0.0724771 0.0736919 0.0734240 0.0731206 0.0730282 0.0695837 0.0667662 0.0675275 0.0694087 0.0709595 0.0710841 0.0741621 -0.0162401 0.0024746 0.0005331 -0.0092803 -0.0176937 -0.0018945 -0.0111116 -0.0019714 0.8480690 0.0757116 0.0786863 0.0882905 0.1002849 0.1114812 0.1130803 0.0930657 0.0835159 0.0576516 0.0668574 0.0825424 0.0716118 0.0709545 0.0724934 0.0781414 0.0533591 0.0564659 0.0705663 0.0560602 0.0627324 0.0684777 0.0563090 0.0582606 -0.0021746 0.0418725 0.0280155 0.0182159 0.0302525 0.0388056 0.0372286 0.0237771 0.0232310 0.0246843 0.0636631 0.0357726 0.0627116 0.0537774 0.0538451 0.0569008 0.0470308 0.0554708 0.0404576 0.0596929 0.0467323 0.0666170 0.0420101 0.0160452 0.0162764 0.0389413 0.0382936 0.0412634 0.0252479 0.0096025 0.0221830 -0.0387357 -0.0523261 0.0328658 0.0335696 0.0417132 -0.0070052 0.0197125 -0.1115717 0.0260818 -0.0105585 0.0120931 0.0110668 0.0378205 -0.0655717 0.0255023 -0.0837823 -0.2619263 -0.2676818 -0.2626603 -0.2626106 -0.2614445 -0.2611267 -0.2604701 -0.2654535 -0.2651095 -0.2700525 -0.2687564 -0.2686789 -0.2713334 -0.2714730 -0.2719225 -0.2684101 -0.2719515 -0.2703823
0.0658678 0.0672547 0.0662395 0.0649755 0.0646460 0.0678451 0.0679718 0.0686199 0.0639505 0.0630229 0.0599970 0.0599664 0.0632017 0.0585301 0.0676946 0.0716182 -0.0194251 -0.0080022 -0.0032302 -0.0147624 -0.0185442 -0.0001415 -0.0186688 -0.0012358 0.0757116 0.8552741 0.1085407 0.0659690 0.0811114 0.0747733 0.0846025 0.0760560 0.0845358 0.0574061 0.0642274 0.0831960 0.0689042 0.0704205 0.0733815 0.0778074 0.0522924 0.0601484 0.0669695 0.0518386 0.0557153 0.0696249 0.0585075 0.0596902 0.0028684 0.0503777 0.0335714 0.0175430 0.0417128 0.0449431 0.0508997 0.0188521 0.0258127 0.0290967 0.0664820 0.0394679 0.0763851 0.0628673 0.0622979 0.0564775 0.0488560 0.0538580 0.0377963 0.0600170 0.0423334 0.0654396 0.0404479 0.0168346 0.0238820 0.0431248 0.0451848 0.0355911 0.0291900 0.0077219 0.0293998 -0.0326718 -0.0445165 0.0399583 0.0306199 0.0445724 0.0026019 0.0297596 -0.1174731 0.0270847 -0.0101883 0.0158125 0.0164753 0.0413058 -0.0589448 0.0242313 -0.0762332 -0.2544487 -0.2614880 -0.2586820 -0.2552447 -0.2569359 -0.2547789 -0.2585589 -0.2599096 -0.2599273 -0.2642260 -0.2629516 -0.2639140 -0.2639634 -0.2628511 -0.2674648 -0.2643633 -0.2643853 -0.2649634
0.0703472 0.0735685 0.0748640 0.0725270 0.0737218 0.0739516 0.0750924 0.0740216 0.0724678 0.0692726 0.0681163 0.0699991 0.0740093 0.0684192 0.0758312 0.0769176 -0.0165437 -0.0003214 0.0037160 -0.0096348 -0.0100537 0.0033339 -0.0129915 -0.0045485 0.0786863 0.1085407 0.8513012 0.0719762 0.0768296 0.0832071 0.0825911 0.0811009 0.0802179 0.0573601 0.0645617 0.0772903 0.0732750 0.0687294 0.0731512 0.0772054 0.0543778 0.0590259 0.0691285 0.0567780 0.0586708 0.0662123 0.0597554 0.0585087 -0.0012987 0.0462705 0.0262639 0.0203693 0.0344232 0.0369972 0.0422984 0.0166206 0.0224604 0.0307896 0.0635201 0.0434335 0.0699754 0.0594843 0.0587391 0.0612018 0.0521937 0.0497077 0.0393813 0.0584861 0.0423838 0.0679996 0.0460891 0.0159201 0.0151199 0.0419498 0.0438724 0.0393311 0.0247911 0.0060338 0.0269258 -0.0453197 -0.0509823 0.0381417 0.0309667 0.0392214 0.0025745 0.0237786 -0.1107766 0.0228762 -0.0111074 0.0099299 0.0096146 0.0372588 -0.0603218 0.0279099 -0.0766116 -0.2609437 -0.2667040 -0.2630106 -0.2594063 -0.2617228 -0.2587767 -0.2615145 -0.2625653 -0.2645322 -0.2674204 -0.2666944 -0.2689030 -0.2684569 -0.2687027 -0.2701369 -0.2675164 -0.2698716 -0.2685851
0.0556255 0.0586313 0.0621227 0.0614648 0.0584569 0.0594538 0.0619870 0.0604499 0.0607072 0.0595688 0.0578791 0.0580635 0.0592352 0.0593657 0.0620876 0.0621849 -0.0129413 -0.0042402 -0.0048212 -0.0138738 -0.0197310 0.0020382 -0.0165685 -0.0029579 0.0882905 0.0659690 0.0719762 0.8605303 0.1008430 0.0845490 0.0840552 0.0925496 0.0667866 0.0526148 0.0571052 0.0744261 0.0689535 0.0651792 0.0672486 0.0606290 0.0563012 0.0571293 0.0664441 0.0506836 0.0529608 0.0686861 0.0649676 0.0593392 -0.0033407 0.0398735 0.0341529 0.0191605 0.0375123 0.0446109 0.0406119 0.0134588 0.0247393 0.0236902 0.0615275 0.0315010 0.0649654 0.0574155 0.0579973 0.0535058 0.0448526 0.0484171 0.0312253 0.0597578 0.0422955 0.0635394 0.0364819 0.0191239 0.0263303 0.0338447 0.0372576 0.0339521 0.0227974 0.0051825 0.0202334 -0.0372409 -0.0438043 0.0327124 0.0295702 0.0366366 -0.0024896 0.0214958 -0.1028563 0.0228861 -0.0173226 0.0118783 0.0120417 0.0290550 -0.0636034 0.0219010 -0.0746069 -0.2386674 -0.2438841 -0.2425607 -0.2376027 -0.2373359 -0.2364876 -0.2389930 -0.2416321 -0.2436594 -0.2485133 -0.2448723 -0.2461536 -0.2472252 -0.2453849 -0.2488748 -0.2456001 -0.2485451 -0.2485836
0.0591614 0.0621128 0.0608391 0.0615894 0.0595831 0.0623281 0.0620663 0.0610554 0.0605579 0.0584554 0.0581477 0.0576436 0.0604216 0.0603589 0.0638942 0.0660526 -0.0220843 -0.0018683 -0.0062618 -0.0172597 -0.0234042 -0.0074184 -0.0191421 -0.0097816 0.1002849 0.0811114 0.0768296 0.1008430 0.8558265 0.0951342 0.0911384 0.1013808 0.0737173 0.0556144 0.0606171 0.0752922 0.0668882 0.0702065 0.0724305 0.0690342 0.0533307 0.0502328 0.0667369 0.0526589 0.0529315 0.0641900 0.0547069 0.0601051 0.0103631 0.0427105 0.0334697 0.0101819 0.0389480 0.0441565 0.0434003 0.0185377 0.0247128 0.0312671 0.0646016 0.0355631 0.0726197 0.0624049 0.0621247 0.0597410 0.0478431 0.0544380 0.0393661 0.0593399 0.0428915 0.0657738 0.0411053 0.0198790 0.0209377 0.0407031 0.0406520 0.0354696 0.0256079 0.0074369 0.0276707 -0.0344389 -0.0421385 0.0384645 0.0278972 0.0411723 -0.0015474 0.0186940 -0.1087966 0.0207158 -0.0105248 0.0179265 0.0186051 0.0347784 -0.0628765 0.0240289 -0.0752299 -0.2464194 -0.2539110 -0.2506309 -0.2487143 -0.2488020 -0.2472651 -0.2493856 -0.2528998 -0.2529688 -0.2561384 -0.2569054 -0.2555360 -0.2573316 -0.2570392 -0.2585166 -0.2570813 -0.2579151 -0.2580653
0.0564871 0.0594311 0.0604118 0.0588307 0.0569947 0.0604961 0.0622693 0.0584794 0.0585165 0.0545014 0.0524170 0.0525003 0.0564253 0.0536914 0.0616896 0.0626477 -0.0242900 -0.0113320 -0.0131764 -0.0237388 -0.0326375 -0.0141990 -0.0249429 -0.0157966 0.1114812 0.0747733 0.0832071 0.0845490 0.0951342 0.8558560 0.1135060 0.0925626 0.0754560 0.0582435 0.0676635 0.0798934 0.0743338 0.0814028 0.0726576 0.0774550 0.0524593 0.0601181 0.0774344 0.0573206 0.0613113 0.0685310 0.0617672 0.0741331 0.0045153 0.0442352 0.0304528 0.0203380 0.0398677 0.0422668 0.0534263 0.0206274 0.0246880 0.0301012 0.0671961 0.0370354 0.0774640 0.0683886 0.0694846 0.0652788 0.0513472 0.0581415 0.0447105 0.0746167 0.0539615 0.0738083 0.0484307 0.0194203 0.0266669 0.0382777 0.0392433 0.0488663 0.0253029 0.0121043 0.0285573 -0.0360649 -0.0418561 0.0448323 0.0363628 0.0430099 0.0038621 0.0293560 -0.1137397 0.0289665 -0.0101236 0.0228439 0.0230120 0.0407300 -0.0620430 0.0294545 -0.0785593 -0.2582148 -0.2661455 -0.2614967 -0.2600977 -0.2600184 -0.2580480 -0.2596948 -0.2627374 -0.2629272 -0.2677892 -0.2668785 -0.2671166 -0.2668674 -0.2690021 -0.2684878 -0.2680157 -0.2692960 -0.2690953
0.0674595 0.0696099 0.0717157 0.0683443 0.0697901 0.0667703 0.0702842 0.0692247 0.0669697 0.0640198 0.0633742 0.0630807 0.0661439 0.0627143 0.0720353 0.0734000 -0.0256789 -0.0082863 -0.0087758 -0.0232820 -0.0235401 -0.0078112 -0.0178820 -0.0127603 0.1130803 0.0846025 0.0825911 0.0840552 0.0911384 0.1135060 0.8538134 0.0941853 0.0860662 0.0624607 0.0705891 0.0889845 0.0799628 0.0829483 0.0827299 0.0835013 0.0609493 0.0624229 0.0800646 0.0598358 0.0643564 0.0795120 0.0638679 0.0735368 -0.0033823 0.0543973 0.0353687 0.0277179 0.0439585 0.0454253 0.0546865 0.0249433 0.0237274 0.0298675 0.0798233 0.0401677 0.0755272 0.0663176 0.0665369 0.0599052 0.0550171 0.0593133 0.0465610 0.0741007 0.0522553 0.0806403 0.0476403 0.0171844 0.0250497 0.0467543 0.0477883 0.0423556 0.0287144 0.0098202 0.0288472 -0.0382089 -0.0494299 0.0419928 0.0358431 0.0474129 -0.0010114 0.0274001 -0.1174899 0.0307193 -0.0098746 0.0231345 0.0233855 0.0435469 -0.0706067 0.0390938 -0.0857662 -0.2779083 -0.2844785 -0.2786271 -0.2784661 -0.2780169 -0.2757142 -0.2789177 -0.2810713 -0.2828278 -0.2857496 -0.2855650 -0.2853427 -0.2858108 -0.2868694 -0.2866976 -0.2871433 -0.2871107 -0.2863106
0.0558260 0.0605397 0.0584067 0.0586022 0.0571988 0.0567311 0.0602059 0.0589951 0.0591982 0.0554844 0.0518150 0.0538933 0.0571361 0.0550518 0.0591547 0.0649887 -0.0287024 -0.0110310 -0.0129029 -0.0229457 -0.0308084 -0.0109243 -0.0231178 -0.0114040 0.0930657 0.0760560 0.0811009 0.0925496 0.1013808 0.0925626 0.0941853 0.8536157 0.0800706 0.0554139 0.0594652 0.0816103 0.0710973 0.0696904 0.0743595 0.0684392 0.0497366 0.0565862 0.0679350 0.0522839 0.0547465 0.0684940 0.0594850 0.0621987 0.0000200 0.0467876 0.0291115 0.0226718 0.0341579 0.0461876 0.0481955 0.0236441 0.0250650 0.0324710 0.0626175 0.0412459 0.0710962 0.0675125 0.0677782 0.0560582 0.0479214 0.0528293 0.0462254 0.0625070 0.0479979 0.0689859 0.0514257 0.0207954 0.0242147 0.0356756 0.0381958 0.0441178 0.0290617 0.0103916 0.0240910 -0.0324534 -0.0410363 0.0392326 0.0293898 0.0404023 0.0024394 0.0242006 -0.1051146 0.0223458 -0.0063426 0.0111904 0.0121014 0.0357189 -0.0570780 0.0359514 -0.0737221 -0.2487643 -0.2540653 -0.2496881 -0.2487570 -0.2475384 -0.2472231 -0.2490607 -0.2517221 -0.2523355 -0.2554847 -0.2551867 -0.2568714 -0.2575119 -0.2582261 -0.2587478 -0.2575835 -0.2581773 -0.2570246
0.0679559 0.0676145 0.0699653 0.0691256 0.0677185 0.0706781 0.0717883 0.0715987 0.0686087 0.0671115 0.0631346 0.0647842 0.0692083 0.0634331 0.0718878 0.0782460 -0.0266394 -0.0069945 -0.0095947 -0.0192943 -0.0296675 -0.0080662 -0.0208891 -0.0138981 0.0835159 0.0845358 0.0802179 0.0667866 0.0737173 0.0754560 0.0860662 0.0800706 0.8530276 0.0629348 0.0777383 0.0964108 0.0775019 0.0875094 0.0910274 0.0897685 0.0593179 0.0683598 0.0819061 0.0630069 0.0659171 0.0707332 0.0621274 0.0772483 0.0042067 0.0609151 0.0388460 0.0216201 0.0451945 0.0471702 0.0530649 0.0256903 0.0295153 0.0333222 0.0802632 0.0417918 0.0793059 0.0710262 0.0700014 0.0672619 0.0591907 0.0631893 0.0512826 0.0758717 0.0529698 0.0753549 0.0504786 0.0227703 0.0234216 0.0518934 0.0486032 0.0444035 0.0338255 0.0138128 0.0308869 -0.0352663 -0.0442100 0.0433050 0.0361367 0.0471768 0.0040166 0.0354704 -0.1213698 0.0358249 -0.0054249 0.0218557 0.0218640 0.0440025 -0.0683856 0.0279112 -0.0739967 -0.2818923 -0.2846991 -0.2831044 -0.2821527 -0.2812746 -0.2792199 -0.2810614 -0.2850275 -0.2855268 -0.2904793 -0.2889570 -0.2898594 -0.2898732 -0.2908839 -0.2913752 -0.2888201 -0.2894107 -0.2905777
0.0545220 0.0564520 0.0567724 0.0553403 0.0558812 0.0556063 0.0578480 0.0573494 0.0559549 0.0540377 0.0526595 0.0537911 0.0553821 0.0541015 0.0568279 0.0570798 -0.0082945 0.0035387 0.0024676 -0.0045188 -0.0096491 0.0046533 -0.0058530 0.0006760 0.0576516 0.0574061 0.0573601 0.0526148 0.0556144 0.0582435 0.0624607 0.0554139 0.0629348 0.9238034 0.0514948 0.0619767 0.0553743 0.0557278 0.0585434 0.0577128 0.0441470 0.0461523 0.0548449 0.0432131 0.0467346 0.0524983 0.0466870 0.0516457 0.0043158 0.0397049 0.0287549 0.0162880 0.0319848 0.0326948 0.0375278 0.0174973 0.0206403 0.0233812 0.0533407 0.0315199 0.0559122 0.0497162 0.0495685 0.0450201 0.0398440 0.0435378 0.0338674 0.0524172 0.0359034 0.0521703 0.0353548 0.0159081 0.0186703 0.0357615 0.0352439 0.0316506 0.0242385 0.0104115 0.0243519 -0.0270124 -0.0318027 0.0301954 0.0261109 0.0343713 0.0033512 0.0218388 -0.0809513 0.0232495 -0.0048774 0.0181949 0.0178537 0.0317295 -0.0443238 0.0230215 -0.0555402 -0.1944387 -0.1985108 -0.1959835 -0.1949220 -0.1944801 -0.1923274 -0.1944694 -0.1967016 -0.1979244 -0.2014523 -0.2001632 -0.2015892 -0.2011601 -0.2022036 -0.2030216 -0.2017031 -0.2031756 -0.2021371
