0.1298004 0.0000999 0.8700997
0.1118112 0.0000996 0.8880891
0.0773913 0.0000996 0.9225091
0.1586448 0.0000997 0.8412555
0.0511410 0.0000998 0.9487591
0.0574781 0.0000999 0.9424220
0.0501428 0.0000995 0.9497577
0.0436540 0.0000996 0.9562464
0.0374707 0.0000998 0.9624295
0.0364583 0.0023462 0.9611955
0.0158499 0.0075355 0.9766145
0.0001000 0.0035777 0.9963223
0.0352499 0.0000999 0.9646502
0.0394662 0.0019725 0.9585613
0.1835380 0.0000995 0.8163625
0.1659365 0.0000994 0.8339641
0.0660539 0.2493461 0.6846000
0.0529296 0.1996225 0.7474478
0.0002590 0.2037788 0.7959622
0.0000999 0.2265427 0.7733573
0.0000999 0.2492861 0.7506140
0.0000999 0.1895633 0.8103368
0.0000999 0.2328601 0.7670400
0.0391789 0.2117268 0.7490943
0.6579912 0.0000990 0.3419099
0.6951235 0.0000992 0.3047773
0.6490026 0.0000991 0.3508984
0.6903128 0.0010252 0.3086620
0.7136416 0.0000995 0.2862589
0.7642911 0.0000990 0.2356099
0.7304020 0.0000982 0.2694998
0.7398061 0.0000994 0.2600945
0.7315557 0.0000980 0.2683463
0.6198268 0.0433656 0.3368076
0.7328001 0.0060433 0.2611565
0.6908121 0.0000982 0.3090897
0.7057219 0.0000994 0.2941788
0.7176663 0.0000994 0.2822343
0.6834190 0.0000988 0.3164821
0.6959978 0.0000991 0.3039032
0.5661987 0.0352058 0.3985956
0.6859187 0.0264556 0.2876257
0.7928174 0.0000997 0.2070830
0.6323436 0.0366663 0.3309901
0.5666712 0.0236837 0.4096451
0.6628690 0.0015486 0.3355824
0.6814401 0.0256747 0.2928852
0.9127882 0.0053213 0.0818905
0.6391589 0.1952631 0.1655780
0.7154858 0.0521153 0.2323989
0.6806023 0.0992083 0.2201894
0.5827653 0.1457321 0.2715026
0.7533805 0.0840951 0.1625243
0.6299527 0.0795835 0.2904639
0.7877073 0.0595181 0.1527747
0.6351889 0.1427328 0.2220783
0.7487218 0.1300664 0.1212118
0.6879049 0.1173583 0.1947368
0.8708519 0.0000999 0.1290482
0.7103302 0.0829130 0.2067568
0.8672217 0.0000995 0.1326788
0.9132327 0.0122867 0.0744806
0.9150044 0.0137426 0.0712529
0.7930041 0.0302393 0.1767567
0.8441721 0.0520295 0.1037984
0.7620978 0.0362409 0.2016613
0.8352074 0.0759609 0.0888317
0.9103990 0.0028490 0.0867521
0.8971189 0.0670826 0.0357985
0.7316256 0.0028783 0.2654961
0.8341748 0.0694055 0.0964197
0.7071128 0.1491923 0.1436949
0.7116556 0.1363935 0.1519508
0.6600019 0.0685858 0.2714123
0.7590008 0.0717786 0.1692206
0.6810963 0.0852824 0.2336213
0.6869958 0.1131838 0.1998205
0.7023674 0.1724255 0.1252072
0.6666355 0.1145634 0.2188011
0.6595250 0.3254738 0.0150012
0.6566314 0.3432686 0.0001001
0.8201795 0.0926210 0.0871996
0.7473975 0.1086067 0.1439958
0.7553803 0.0738991 0.1707206
0.7642946 0.2011593 0.0345462
0.7764046 0.1251775 0.0984179
0.2973163 0.5412586 0.1614251
0.7684561 0.1214459 0.1100980
0.6890022 0.2341349 0.0768630
0.8625029 0.1373970 0.0001001
0.8602607 0.1396392 0.0001001
0.7900358 0.0851779 0.1247863
0.3974902 0.3916906 0.2108192
0.7885490 0.1186302 0.0928208
0.5189799 0.4363227 0.0446974
0.0141480 0.9857520 0.0001000
0.0032496 0.9966505 0.0001000
0.0104323 0.9894677 0.0001000
0.0066361 0.9877977 0.0055663
0.0139789 0.9859211 0.0001000
0.0194700 0.9804300 0.0001000
0.0137564 0.9861436 0.0001000
0.0060459 0.9930845 0.0008696
0.0028042 0.9949345 0.0022613
0.0001000 0.9998000 0.0001000
0.0001000 0.9998000 0.0001000
0.0001000 0.9998000 0.0001000
0.0001000 0.9998000 0.0001000
0.0001000 0.9998000 0.0001000
0.0001000 0.9998000 0.0001000
0.0001000 0.9998000 0.0001000
0.0001000 0.9998000 0.0001000
0.0001000 0.9998000 0.0001000
