0.8523624 0.1383652 0.1016337 0.1263044 0.1023193 0.0996942 0.1041227 0.1063861 0.0999130 0.0972448 0.0925864 0.1019117 0.0957788 0.0939218 0.0995718 0.0995847 -0.0024590 0.0162007 0.0137648 0.0062075 0.0019300 0.0247178 0.0033429 0.0147732 0.0763275 0.0748615 0.0750637 0.0637757 0.0697113 0.0718784 0.0805316 0.0691007 0.0805928 0.0625261 0.0656648 0.0807458 0.0716730 0.0721522 0.0768618 0.0725414 0.0543748 0.0574927 0.0661509 0.0535117 0.0628094 0.0682559 0.0595710 0.0606711 -0.0038330 0.0467336 0.0290559 0.0151244 0.0300449 0.0384894 0.0382043 0.0174445 0.0168849 0.0215334 0.0629281 0.0345190 0.0674044 0.0548264 0.0544346 0.0545646 0.0384180 0.0528088 0.0326292 0.0609318 0.0334964 0.0644702 0.0343980 0.0093728 0.0135608 0.0419116 0.0350316 0.0318594 0.0257323 0.0030249 0.0222643 -0.0530059 -0.0591818 0.0266800 0.0231350 0.0353019 -0.0096433 0.0126513 -0.1220082 0.0182735 -0.0198862 0.0042400 0.0045747 0.0306698 -0.0659027 0.0185761 -0.0923962 -0.2767726 -0.2812046 -0.2791493 -0.2783939 -0.2773533 -0.2760578 -0.2766139 -0.2791774 -0.2802969 -0.2835067 -0.2842893 -0.2834659 -0.2836190 -0.2848706 -0.2859270 -0.2839298 -0.2861241 -0.2839071
0.1383652 0.8591338 0.1041617 0.1356342 0.1034146 0.1057490 0.1089840 0.1078050 0.1018699 0.1004094 0.0978057 0.1026982 0.1040503 0.0989809 0.1018910 0.1034035 -0.0060779 0.0202086 0.0184354 0.0088834 -0.0023692 0.0238234 0.0051603 0.0099100 0.0776777 0.0764666 0.0783816 0.0668911 0.0727760 0.0750674 0.0825381 0.0740080 0.0801340 0.0648097 0.0663080 0.0825573 0.0726075 0.0762112 0.0802966 0.0763601 0.0576705 0.0590061 0.0676670 0.0579047 0.0641243 0.0704940 0.0564775 0.0588578 -0.0043039 0.0518678 0.0293669 0.0145828 0.0312631 0.0379232 0.0394061 0.0175132 0.0148633 0.0235600 0.0648401 0.0365952 0.0668051 0.0576444 0.0576789 0.0554979 0.0427115 0.0544793 0.0369083 0.0591761 0.0333344 0.0661937 0.0350178 0.0090524 0.0140097 0.0417432 0.0362283 0.0371466 0.0237472 0.0017506 0.0248633 -0.0565006 -0.0605962 0.0268616 0.0231853 0.0337181 -0.0130367 0.0141184 -0.1249762 0.0214496 -0.0214135 0.0025735 0.0017913 0.0330460 -0.0689524 0.0225213 -0.0931963 -0.2856115 -0.2907878 -0.2874347 -0.2868121 -0.2864793 -0.2861013 -0.2850419 -0.2908502 -0.2899077 -0.2931159 -0.2913259 -0.2941173 -0.2922878 -0.2939315 -0.2938960 -0.2932933 -0.2954725 -0.2931289
0.1016337 0.1041617 0.8498304 0.1013499 0.1372286 0.1341752 0.1530279 0.1387026 0.1021021 0.1014025 0.0957182 0.1011576 0.1021083 0.0987088 0.1040095 0.1034049 -0.0014929 0.0152677 0.0193013 0.0034306 -0.0014557 0.0229628 0.0037723 0.0101693 0.0768312 0.0765046 0.0805225 0.0713437 0.0725511 0.0777997 0.0862646 0.0731166 0.0840636 0.0658118 0.0697977 0.0870913 0.0776157 0.0742995 0.0805108 0.0794212 0.0619561 0.0631253 0.0674975 0.0556050 0.0674555 0.0754190 0.0600543 0.0604970 -0.0070568 0.0472149 0.0334349 0.0138209 0.0330506 0.0389293 0.0402052 0.0181846 0.0193400 0.0224568 0.0622963 0.0356896 0.0684139 0.0564514 0.0580294 0.0514169 0.0389495 0.0493779 0.0353479 0.0603363 0.0343195 0.0638431 0.0349790 0.0110171 0.0142858 0.0441520 0.0394753 0.0346256 0.0240111 0.0006593 0.0244556 -0.0586723 -0.0660013 0.0288697 0.0266857 0.0347056 -0.0117559 0.0158660 -0.1246919 0.0140522 -0.0228242 0.0053268 0.0049785 0.0322218 -0.0714873 0.0205947 -0.0972208 -0.2892911 -0.2947061 -0.2920431 -0.2895133 -0.2888446 -0.2874659 -0.2892228 -0.2915185 -0.2938139 -0.2971579 -0.2962070 -0.2973668 -0.2964693 -0.2971323 -0.2988400 -0.2970305 -0.2992414 -0.2986430
0.1263044 0.1356342 0.1013499 0.8604702 0.0982026 0.1005685 0.1006869 0.1040073 0.0989474 0.0935053 0.0942479 0.0963310 0.0940919 0.0944753 0.0987058 0.0998509 -0.0017689 0.0167306 0.0165073 0.0043251 -0.0028981 0.0217077 0.0047167 0.0130070 0.0772829 0.0738538 0.0773010 0.0695159 0.0718360 0.0740236 0.0809874 0.0715318 0.0814433 0.0630007 0.0672650 0.0799083 0.0725917 0.0758715 0.0778249 0.0753096 0.0572836 0.0602409 0.0714493 0.0575694 0.0657633 0.0700647 0.0573610 0.0605922 -0.0029167 0.0494665 0.0333369 0.0140144 0.0310842 0.0386551 0.0422874 0.0172623 0.0182246 0.0247716 0.0644339 0.0383112 0.0652498 0.0555632 0.0569505 0.0555331 0.0429280 0.0504907 0.0328294 0.0621549 0.0334531 0.0667595 0.0352343 0.0127253 0.0130085 0.0425792 0.0380347 0.0340624 0.0250280 0.0038623 0.0242602 -0.0543344 -0.0589675 0.0277617 0.0276327 0.0370076 -0.0115436 0.0130686 -0.1231117 0.0193981 -0.0209951 0.0050785 0.0058662 0.0340388 -0.0672767 0.0206820 -0.0905341 -0.2795960 -0.2835565 -0.2800348 -0.2792592 -0.2801200 -0.2777507 -0.2789037 -0.2824092 -0.2831498 -0.2873822 -0.2855343 -0.2866842 -0.2864196 -0.2865384 -0.2873445 -0.2853532 -0.2890756 -0.2851852
0.1023193 0.1034146 0.1372286 0.0982026 0.8548368 0.1437926 0.1493299 0.1432883 0.0992439 0.0975200 0.0934081 0.0994155 0.0983627 0.0960960 0.1000327 0.1026644 -0.0054312 0.0178008 0.0151674 0.0052367 -0.0016962 0.0229623 0.0050495 0.0112718 0.0794762 0.0760920 0.0799710 0.0687294 0.0726691 0.0760911 0.0857543 0.0735212 0.0834916 0.0653300 0.0657981 0.0859406 0.0745467 0.0759703 0.0826499 0.0765657 0.0635242 0.0624529 0.0673294 0.0569935 0.0666337 0.0716324 0.0612521 0.0581267 -0.0037650 0.0493733 0.0308355 0.0172851 0.0309237 0.0397677 0.0398779 0.0171105 0.0177717 0.0230967 0.0636993 0.0313003 0.0689999 0.0606928 0.0587146 0.0535172 0.0440135 0.0536042 0.0354795 0.0582905 0.0352028 0.0692414 0.0352590 0.0089691 0.0123508 0.0440971 0.0398863 0.0359254 0.0238603 0.0004585 0.0243006 -0.0577878 -0.0657832 0.0288006 0.0238900 0.0342660 -0.0095142 0.0168660 -0.1246826 0.0165071 -0.0201497 0.0062954 0.0062517 0.0341027 -0.0701522 0.0178968 -0.0927613 -0.2883047 -0.2920173 -0.2887393 -0.2872502 -0.2873043 -0.2856623 -0.2869782 -0.2893143 -0.2901721 -0.2942106 -0.2947820 -0.2951322 -0.2944778 -0.2958661 -0.2961719 -0.2945264 -0.2978418 -0.2945741
0.0996942 0.1057490 0.1341752 0.1005685 0.1437926 0.8559431 0.1463335 0.1407052 0.1004222 0.0991583 0.0944706 0.1025533 0.0986085 0.0973179 0.1018184 0.1037834 -0.0033659 0.0156541 0.0174207 0.0052198 -0.0021255 0.0220369 0.0037968 0.0105422 0.0803381 0.0784356 0.0798832 0.0690739 0.0747481 0.0783558 0.0818854 0.0721847 0.0852551 0.0650000 0.0648779 0.0829328 0.0706804 0.0714983 0.0759361 0.0764209 0.0611045 0.0610167 0.0700723 0.0555194 0.0668278 0.0713768 0.0603300 0.0569876 -0.0050400 0.0465437 0.0277149 0.0165811 0.0308048 0.0395376 0.0377838 0.0191486 0.0134811 0.0213257 0.0608169 0.0325324 0.0677125 0.0558974 0.0564702 0.0547572 0.0419327 0.0535445 0.0345113 0.0566989 0.0370155 0.0675444 0.0319123 0.0085933 0.0119979 0.0425398 0.0380002 0.0343515 0.0245984 -0.0017972 0.0246889 -0.0573953 -0.0666647 0.0286097 0.0265383 0.0350896 -0.0124063 0.0188800 -0.1244041 0.0147711 -0.0208295 0.0024871 0.0013385 0.0330221 -0.0688370 0.0164594 -0.0922277 -0.2871641 -0.2903942 -0.2894649 -0.2871938 -0.2865698 -0.2852812 -0.2866141 -0.2902179 -0.2890701 -0.2956601 -0.2930070 -0.2939362 -0.2950583 -0.2958907 -0.2948499 -0.2930599 -0.2949775 -0.2956665
0.1041227 0.1089840 0.1530279 0.1006869 0.1493299 0.1463335 0.8553868 0.1543539 0.1036067 0.1031466 0.0977642 0.1058261 0.1024962 0.1038229 0.1024386 0.1066687 -0.0057241 0.0175288 0.0195469 0.0089535 -0.0013418 0.0228997 0.0049154 0.0072975 0.0795792 0.0783835 0.0807001 0.0711956 0.0741537 0.0797570 0.0852412 0.0753233 0.0858312 0.0673486 0.0698874 0.0866716 0.0727732 0.0767991 0.0819870 0.0820203 0.0625810 0.0607895 0.0692488 0.0571524 0.0660336 0.0717954 0.0606980 0.0584663 -0.0046990 0.0482760 0.0309443 0.0150979 0.0306412 0.0401824 0.0374465 0.0184036 0.0188104 0.0216241 0.0613873 0.0291320 0.0667117 0.0593104 0.0583182 0.0555998 0.0447324 0.0555210 0.0382020 0.0592312 0.0355032 0.0700734 0.0338489 0.0093175 0.0122043 0.0441904 0.0401719 0.0361227 0.0244720 0.0008852 0.0239394 -0.0590724 -0.0668040 0.0285120 0.0268480 0.0330856 -0.0116690 0.0164682 -0.1296413 0.0142799 -0.0220795 0.0045839 0.0043544 0.0313779 -0.0727753 0.0161926 -0.0988216 -0.2953929 -0.3008187 -0.2974489 -0.2971431 -0.2963511 -0.2933400 -0.2965824 -0.2994021 -0.2990036 -0.3039064 -0.3022327 -0.3047507 -0.3023418 -0.3047780 -0.3045146 -0.3039805 -0.3026739 -0.3038005
0.1063861 0.1078050 0.1387026 0.1040073 0.1432883 0.1407052 0.1543539 0.8572650 0.1046361 0.1002622 0.0974442 0.1069298 0.1003666 0.1020133 0.1046673 0.1049014 -0.0041427 0.0151336 0.0206290 0.0067120 -0.0010373 0.0248566 0.0049151 0.0074221 0.0802664 0.0800483 0.0803111 0.0707067 0.0743189 0.0772638 0.0852499 0.0753481 0.0871561 0.0669782 0.0683439 0.0872208 0.0750770 0.0770590 0.0821497 0.0798722 0.0638480 0.0615938 0.0706950 0.0583076 0.0649828 0.0745451 0.0600310 0.0602929 -0.0049337 0.0493476 0.0287793 0.0195337 0.0307701 0.0414798 0.0414595 0.0177821 0.0181467 0.0196485 0.0609163 0.0337979 0.0697700 0.0586592 0.0588750 0.0531195 0.0427629 0.0550418 0.0358343 0.0600962 0.0376878 0.0682057 0.0357864 0.0116119 0.0128261 0.0467942 0.0394019 0.0370669 0.0260647 0.0004624 0.0251056 -0.0582002 -0.0659177 0.0281661 0.0273744 0.0359224 -0.0081586 0.0169965 -0.1276638 0.0195728 -0.0216785 0.0053298 0.0046769 0.0335725 -0.0712819 0.0202493 -0.0941303 -0.2943493 -0.2988238 -0.2956341 -0.2942775 -0.2947403 -0.2929152 -0.2944623 -0.2978760 -0.2984797 -0.3020378 -0.3017056 -0.3014126 -0.3021129 -0.3027642 -0.3036788 -0.3013144 -0.3037826 -0.3022721
0.0999130 0.1018699 0.1021021 0.0989474 0.0992439 0.1004222 0.1036067 0.1046361 0.8579213 0.1310322 0.1334004 0.1324630 0.1341884 0.1287761 0.1065964 0.1086430 -0.0047350 0.0169130 0.0169184 0.0098380 -0.0025275 0.0216634 0.0065027 0.0108636 0.0803642 0.0755422 0.0788795 0.0711378 0.0738968 0.0778385 0.0833878 0.0756670 0.0845002 0.0656473 0.0659774 0.0841382 0.0732903 0.0748982 0.0780559 0.0771882 0.0607140 0.0561997 0.0674527 0.0617009 0.0688298 0.0722237 0.0633920 0.0612321 -0.0046225 0.0486874 0.0329059 0.0114233 0.0300007 0.0400279 0.0448948 0.0190382 0.0161034 0.0252894 0.0617438 0.0347480 0.0668882 0.0579927 0.0590584 0.0533676 0.0420564 0.0560233 0.0370713 0.0612199 0.0368231 0.0692478 0.0358892 0.0107715 0.0180575 0.0423489 0.0377660 0.0340189 0.0202786 0.0018455 0.0253423 -0.0566883 -0.0603097 0.0298731 0.0211413 0.0376017 -0.0128359 0.0148975 -0.1219882 0.0201108 -0.0211629 0.0000219 0.0004792 0.0354100 -0.0721566 0.0201920 -0.0945885 -0.2905492 -0.2941656 -0.2904773 -0.2898767 -0.2890818 -0.2886804 -0.2899010 -0.2929343 -0.2938014 -0.2969190 -0.2968566 -0.2958321 -0.2969956 -0.2980383 -0.2974353 -0.2978845 -0.3006281 -0.2969154
0.0972448 0.1004094 0.1014025 0.0935053 0.0975200 0.0991583 0.1031466 0.1002622 0.1310322 0.8538003 0.1218432 0.1298473 0.1427772 0.1280421 0.0997064 0.1036619 -0.0061830 0.0160059 0.0134296 0.0094757 -0.0022797 0.0203574 0.0049958 0.0123759 0.0765184 0.0742757 0.0753462 0.0696809 0.0715378 0.0734931 0.0799119 0.0716255 0.0826830 0.0636187 0.0662094 0.0833434 0.0684939 0.0716812 0.0787099 0.0771037 0.0570011 0.0569999 0.0668435 0.0597936 0.0649280 0.0683835 0.0589961 0.0601389 -0.0067577 0.0479521 0.0305344 0.0163136 0.0303723 0.0410899 0.0380754 0.0187414 0.0160453 0.0215972 0.0598510 0.0332117 0.0657233 0.0560686 0.0551191 0.0497949 0.0425128 0.0527868 0.0344424 0.0595738 0.0337918 0.0635142 0.0323231 0.0101560 0.0157791 0.0399899 0.0355902 0.0335122 0.0208482 0.0011288 0.0243610 -0.0545103 -0.0630134 0.0280020 0.0234501 0.0361371 -0.0136183 0.0165752 -0.1212698 0.0153238 -0.0215960 0.0017580 0.0026914 0.0323258 -0.0695096 0.0170159 -0.0902598 -0.2828675 -0.2859044 -0.2848688 -0.2817631 -0.2809991 -0.2795979 -0.2822721 -0.2838652 -0.2853107 -0.2888711 -0.2888691 -0.2891417 -0.2879848 -0.2898081 -0.2904016 -0.2887605 -0.2908056 -0.2896951
0.0925864 0.0978057 0.0957182 0.0942479 0.0934081 0.0944706 0.0977642 0.0974442 0.1334004 0.1218432 0.8672633 0.1342272 0.1276144 0.1236161 0.1018352 0.1013250 -0.0038957 0.0163558 0.0181566 0.0061829 -0.0015208 0.0198460 0.0049723 0.0094179 0.0749838 0.0731008 0.0756430 0.0697476 0.0730991 0.0737218 0.0814593 0.0701965 0.0811111 0.0628047 0.0650098 0.0828440 0.0724474 0.0724602 0.0779462 0.0740994 0.0590278 0.0584275 0.0680656 0.0586640 0.0647321 0.0705613 0.0589202 0.0591614 -0.0043957 0.0463117 0.0333083 0.0134938 0.0309470 0.0374594 0.0411639 0.0179311 0.0169716 0.0247850 0.0636678 0.0365499 0.0651710 0.0555172 0.0559282 0.0524848 0.0411086 0.0533737 0.0356698 0.0592103 0.0346509 0.0628992 0.0335843 0.0090410 0.0160523 0.0415108 0.0385668 0.0334102 0.0217816 0.0033493 0.0216535 -0.0536301 -0.0596140 0.0279225 0.0253419 0.0355323 -0.0127264 0.0141191 -0.1192269 0.0187496 -0.0225223 0.0044804 0.0051810 0.0354469 -0.0705999 0.0212978 -0.0910831 -0.2779909 -0.2830892 -0.2802327 -0.2777755 -0.2785008 -0.2771593 -0.2784548 -0.2813867 -0.2815825 -0.2838583 -0.2851379 -0.2856009 -0.2855272 -0.2873948 -0.2867988 -0.2878096 -0.2897740 -0.2861010
0.1019117 0.1026982 0.1011576 0.0963310 0.0994155 0.1025533 0.1058261 0.1069298 0.1324630 0.1298473 0.1342272 0.8631532 0.1343811 0.1297686 0.1008423 0.1073941 -0.0057490 0.0178106 0.0170013 0.0077231 -0.0036839 0.0224800 0.0058360 0.0091110 0.0755884 0.0724963 0.0770862 0.0694013 0.0719584 0.0730975 0.0809061 0.0717905 0.0819860 0.0642195 0.0690367 0.0858468 0.0730188 0.0717632 0.0787140 0.0750340 0.0605672 0.0574477 0.0701168 0.0582593 0.0673905 0.0692303 0.0617007 0.0583984 -0.0079356 0.0457902 0.0309154 0.0136176 0.0321539 0.0409205 0.0404242 0.0158842 0.0168541 0.0272297 0.0612334 0.0323317 0.0639110 0.0553014 0.0562331 0.0507527 0.0423902 0.0522974 0.0367124 0.0588740 0.0349961 0.0669055 0.0355905 0.0082239 0.0153881 0.0390321 0.0355318 0.0350327 0.0212654 -0.0009293 0.0243133 -0.0537878 -0.0617004 0.0272796 0.0237882 0.0328162 -0.0158236 0.0146810 -0.1198496 0.0161068 -0.0223773 0.0023160 0.0024909 0.0309628 -0.0684648 0.0157946 -0.0936924 -0.2857528 -0.2887276 -0.2859861 -0.2848411 -0.2849644 -0.2841363 -0.2850344 -0.2867101 -0.2896070 -0.2905785 -0.2906645 -0.2914590 -0.2919563 -0.2921301 -0.2923854 -0.2927279 -0.2945504 -0.2929513
0.0957788 0.1040503 0.1021083 0.0940919 0.0983627 0.0986085 0.1024962 0.1003666 0.1341884 0.1427772 0.1276144 0.1343811 0.8611299 0.1358376 0.1032944 0.1046720 -0.0081735 0.0170970 0.0167891 0.0069075 -0.0030788 0.0225451 0.0048389 0.0095936 0.0765174 0.0746423 0.0803040 0.0695108 0.0734425 0.0754033 0.0822871 0.0733505 0.0849348 0.0651981 0.0643011 0.0839791 0.0741164 0.0757510 0.0808292 0.0755804 0.0583793 0.0572784 0.0695656 0.0625951 0.0662175 0.0711596 0.0630414 0.0579309 -0.0056822 0.0492227 0.0281500 0.0175645 0.0341756 0.0365644 0.0421225 0.0171326 0.0157114 0.0243398 0.0638159 0.0334754 0.0690290 0.0564939 0.0574065 0.0505434 0.0453655 0.0543077 0.0346289 0.0588265 0.0347121 0.0662702 0.0340495 0.0109279 0.0132137 0.0432707 0.0374215 0.0357503 0.0221172 0.0025663 0.0249521 -0.0583926 -0.0636059 0.0268141 0.0217437 0.0366125 -0.0145308 0.0140848 -0.1239166 0.0163954 -0.0223444 0.0011443 0.0021858 0.0333426 -0.0731626 0.0190748 -0.0951034 -0.2882217 -0.2928255 -0.2898663 -0.2862828 -0.2864788 -0.2861369 -0.2881981 -0.2904419 -0.2916225 -0.2946160 -0.2953779 -0.2943264 -0.2958232 -0.2970825 -0.2968963 -0.2950733 -0.2986331 -0.2961732
0.0939218 0.0989809 0.0987088 0.0944753 0.0960960 0.0973179 0.1038229 0.1020133 0.1287761 0.1280421 0.1236161 0.1297686 0.1358376 0.8631915 0.1034523 0.0983971 -0.0022529 0.0178406 0.0190064 0.0053732 -0.0019000 0.0232129 0.0040444 0.0117485 0.0779400 0.0699876 0.0747813 0.0695842 0.0734569 0.0724033 0.0787154 0.0713429 0.0788132 0.0637240 0.0653848 0.0834020 0.0729074 0.0718264 0.0772594 0.0772920 0.0573726 0.0585980 0.0696397 0.0589928 0.0646912 0.0705471 0.0607132 0.0607548 -0.0054398 0.0470629 0.0302299 0.0146064 0.0300306 0.0369011 0.0408314 0.0189114 0.0143283 0.0237056 0.0629165 0.0340489 0.0669050 0.0552853 0.0558709 0.0523005 0.0425674 0.0517321 0.0335432 0.0609203 0.0349146 0.0641657 0.0328418 0.0076942 0.0145163 0.0419704 0.0384077 0.0370638 0.0242233 0.0013684 0.0231352 -0.0564981 -0.0618039 0.0254879 0.0227823 0.0345754 -0.0146540 0.0147136 -0.1213571 0.0157517 -0.0223228 0.0028854 0.0033516 0.0341021 -0.0719391 0.0237917 -0.0938178 -0.2830276 -0.2869523 -0.2843266 -0.2833674 -0.2829835 -0.2807831 -0.2835381 -0.2852943 -0.2867177 -0.2889556 -0.2894601 -0.2900392 -0.2887263 -0.2916990 -0.2918926 -0.2900485 -0.2917628 -0.2917366
0.0995718 0.1018910 0.1040095 0.0987058 0.1000327 0.1018184 0.1024386 0.1046673 0.1065964 0.0997064 0.1018352 0.1008423 0.1032944 0.1034523 0.8577082 0.1052575 -0.0015886 0.0163410 0.0171570 0.0044700 -0.0002129 0.0268826 0.0048631 0.0106252 0.0760677 0.0758988 0.0802427 0.0693940 0.0734974 0.0757404 0.0837989 0.0711231 0.0832573 0.0641930 0.0702063 0.0807403 0.0718637 0.0771491 0.0785509 0.0773820 0.0591911 0.0601416 0.0682689 0.0597048 0.0646035 0.0737033 0.0565693 0.0607828 -0.0046466 0.0484411 0.0338404 0.0158459 0.0321137 0.0421760 0.0437631 0.0161789 0.0188804 0.0286553 0.0643832 0.0370034 0.0673042 0.0573833 0.0555271 0.0499728 0.0431946 0.0513433 0.0360901 0.0613564 0.0343029 0.0663372 0.0356052 0.0129546 0.0168380 0.0408257 0.0372087 0.0338853 0.0222309 0.0019023 0.0254115 -0.0521252 -0.0597465 0.0308240 0.0293775 0.0376106 -0.0097727 0.0160703 -0.1216797 0.0186470 -0.0198181 0.0035387 0.0039450 0.0315743 -0.0656514 0.0188076 -0.0899114 -0.2808161 -0.2867905 -0.2854239 -0.2829208 -0.2821230 -0.2800655 -0.2840972 -0.2852041 -0.2855785 -0.2897997 -0.2890991 -0.2894683 -0.2892696 -0.2897470 -0.2912871 -0.2898937 -0.2915698 -0.2910122
0.0995847 0.1034035 0.1034049 0.0998509 0.1026644 0.1037834 0.1066687 0.1049014 0.1086430 0.1036619 0.1013250 0.1073941 0.1046720 0.0983971 0.1052575 0.8575906 -0.0069936 0.0163780 0.0158355 0.0088813 -0.0014629 0.0226500 0.0047454 0.0115642 0.0795046 0.0804326 0.0816410 0.0700572 0.0763692 0.0777136 0.0860356 0.0778052 0.0906304 0.0646789 0.0709982 0.0862351 0.0727386 0.0784800 0.0806038 0.0772970 0.0624610 0.0626396 0.0740994 0.0578840 0.0655574 0.0753507 0.0624169 0.0596708 -0.0022702 0.0483517 0.0342380 0.0157176 0.0330052 0.0432276 0.0427520 0.0163576 0.0175573 0.0281289 0.0644013 0.0374074 0.0705363 0.0585548 0.0581959 0.0530387 0.0456841 0.0562637 0.0374178 0.0610258 0.0342261 0.0673593 0.0390083 0.0111172 0.0179383 0.0451137 0.0372429 0.0399285 0.0246217 0.0018389 0.0260138 -0.0520649 -0.0600742 0.0307698 0.0252014 0.0351513 -0.0086625 0.0167544 -0.1228829 0.0196294 -0.0191618 0.0028233 0.0032606 0.0346824 -0.0488246 0.0174105 -0.0923085 -0.2865154 -0.2910853 -0.2888529 -0.2844523 -0.2863275 -0.2834246 -0.2865301 -0.2890046 -0.2906176 -0.2933179 -0.2937449 -0.2940916 -0.2939012 -0.2952665 -0.2960082 -0.2949212 -0.2961391 -0.2948175
-0.0024590 -0.0060779 -0.0014929 -0.0017689 -0.0054312 -0.0033659 -0.0057241 -0.0041427 -0.0047350 -0.0061830 -0.0038957 -0.0057490 -0.0081735 -0.0022529 -0.0015886 -0.0069936 0.9594410 0.0113381 0.0138417 0.0256731 0.0222093 0.0069351 0.0119606 0.0277195 -0.0108525 -0.0109475 -0.0118117 -0.0052724 -0.0125933 -0.0107903 -0.0141827 -0.0168998 -0.0153671 -0.0027021 -0.0043874 -0.0108636 -0.0066448 -0.0065407 -0.0105306 -0.0103774 -0.0026084 -0.0042029 -0.0140372 -0.0103074 -0.0118048 -0.0051346 -0.0033695 -0.0146806 0.0015338 -0.0119901 -0.0079151 -0.0037311 -0.0186918 -0.0046994 -0.0000612 -0.0112221 -0.0025100 -0.0108910 -0.0162507 -0.0087038 -0.0096773 -0.0159691 -0.0145942 -0.0112012 -0.0103741 -0.0098578 -0.0146949 -0.0142674 -0.0107978 -0.0116637 -0.0115317 -0.0060442 -0.0035641 -0.0071420 -0.0077039 -0.0129301 -0.0078219 -0.0129241 -0.0054995 -0.0025494 -0.0025102 -0.0075271 -0.0014270 -0.0079529 -0.0045439 -0.0111150 -0.0037978 -0.0058800 -0.0041134 -0.0210937 -0.0201123 -0.0191616 -0.0085505 -0.0027026 -0.0031623 0.0070003 0.0057892 0.0068672 0.0073019 0.0066972 0.0063712 0.0078797 0.0076126 0.0061426 0.0060973 0.0061146 0.0045655 0.0055310 0.0045305 0.0040674 0.0065106 -0.0001295 0.0041661
0.0162007 0.0202086 0.0152677 0.0167306 0.0178008 0.0156541 0.0175288 0.0151336 0.0169130 0.0160059 0.0163558 0.0178106 0.0170970 0.0178406 0.0163410 0.0163780 0.0113381 0.9295446 0.0268740 0.0227018 0.0142811 0.0186201 0.0171155 0.0192471 0.0078594 0.0006264 0.0043110 0.0035321 0.0082730 0.0029009 0.0036726 0.0013107 0.0045553 0.0099491 0.0015187 0.0037962 0.0057488 0.0052896 0.0049134 0.0021174 0.0068050 -0.0035450 0.0059923 0.0042583 0.0058734 0.0032689 0.0029265 0.0000292 -0.0089490 -0.0017786 0.0011646 -0.0136225 -0.0074389 0.0045765 -0.0067547 -0.0083263 -0.0043292 -0.0012570 -0.0001319 -0.0012684 0.0012300 -0.0039846 -0.0037809 -0.0000300 -0.0008324 -0.0020184 -0.0046601 -0.0005321 -0.0076312 0.0018055 -0.0046619 -0.0018444 -0.0025879 0.0018047 0.0009304 0.0078915 -0.0043042 -0.0033031 0.0025893 -0.0140826 -0.0169613 0.0013965 0.0024859 -0.0004439 -0.0033411 0.0023900 -0.0244425 -0.0057701 -0.0101604 -0.0107872 -0.0100556 -0.0008655 -0.0145564 -0.0079606 -0.0155097 -0.0484775 -0.0527172 -0.0504599 -0.0479724 -0.0494951 -0.0486463 -0.0509306 -0.0516224 -0.0495538 -0.0508461 -0.0527461 -0.0545853 -0.0553980 -0.0544697 -0.0536415 -0.0535990 -0.0575160 -0.0523897
0.0137648 0.0184354 0.0193013 0.0165073 0.0151674 0.0174207 0.0195469 0.0206290 0.0169184 0.0134296 0.0181566 0.0170013 0.0167891 0.0190064 0.0171570 0.0158355 0.0138417 0.0268740 0.9381505 0.0200175 0.0224817 0.0211737 0.0139145 0.0213844 0.0065988 0.0064892 0.0090469 0.0037400 0.0049061 0.0028068 0.0044869 0.0009689 0.0034641 0.0096689 -0.0028596 0.0091965 0.0037091 0.0038689 0.0046374 0.0078012 0.0041649 -0.0012468 0.0026038 0.0002354 0.0131715 0.0055746 0.0010012 0.0011312 -0.0039888 0.0019704 0.0000054 -0.0132999 -0.0014495 0.0030435 0.0002891 -0.0001623 -0.0080907 -0.0054777 -0.0014931 0.0016120 0.0004133 -0.0025427 -0.0010376 0.0055754 -0.0024119 -0.0017260 -0.0029135 0.0021173 -0.0100631 0.0026339 -0.0095878 -0.0115400 -0.0057195 0.0028272 -0.0008539 0.0002430 -0.0028616 -0.0092001 -0.0033315 -0.0118481 -0.0101739 -0.0053363 0.0054272 -0.0076556 -0.0086993 -0.0025380 -0.0288775 -0.0054539 -0.0220292 -0.0101808 -0.0109098 -0.0024457 -0.0184502 -0.0051167 -0.0243156 -0.0474525 -0.0512422 -0.0503386 -0.0485710 -0.0473295 -0.0475269 -0.0488836 -0.0492689 -0.0513896 -0.0491379 -0.0512383 -0.0538004 -0.0518670 -0.0521395 -0.0542457 -0.0512215 -0.0528670 -0.0543698
0.0062075 0.0088834 0.0034306 0.0043251 0.0052367 0.0052198 0.0089535 0.0067120 0.0098380 0.0094757 0.0061829 0.0077231 0.0069075 0.0053732 0.0044700 0.0088813 0.0256731 0.0227018 0.0200175 0.9607974 0.0143624 0.0258373 0.0307476 0.0187556 -0.0028776 -0.0046183 -0.0040526 -0.0046002 -0.0052275 -0.0067551 -0.0089926 -0.0082141 -0.0057358 0.0028825 -0.0055418 -0.0015159 0.0016174 -0.0049865 -0.0038437 -0.0061364 -0.0076758 -0.0094068 -0.0108195 -0.0068653 -0.0022716 -0.0080191 -0.0110417 -0.0020910 -0.0049062 -0.0028792 -0.0014642 -0.0047856 0.0006139 -0.0036375 -0.0063132 -0.0181100 -0.0072819 -0.0035491 -0.0070731 -0.0009478 -0.0071635 -0.0106979 -0.0100504 -0.0115532 -0.0037563 -0.0095866 -0.0057684 -0.0022673 -0.0155795 -0.0023802 -0.0111835 -0.0129692 -0.0079218 0.0071118 0.0002542 -0.0111726 -0.0100434 -0.0133422 -0.0088474 -0.0104368 -0.0232159 -0.0094770 -0.0172613 -0.0040614 -0.0166544 -0.0072874 -0.0101618 -0.0029325 -0.0067952 -0.0087022 -0.0083043 -0.0057427 -0.0060086 -0.0231752 -0.0089018 -0.0194250 -0.0228566 -0.0199653 -0.0185959 -0.0168748 -0.0195679 -0.0207897 -0.0172283 -0.0181863 -0.0194222 -0.0189552 -0.0210397 -0.0192464 -0.0217205 -0.0199644 -0.0204675 -0.0220014 -0.0240342
0.0019300 -0.0023692 -0.0014557 -0.0028981 -0.0016962 -0.0021255 -0.0013418 -0.0010373 -0.0025275 -0.0022797 -0.0015208 -0.0036839 -0.0030788 -0.0019000 -0.0002129 -0.0014629 0.0222093 0.0142811 0.0224817 0.0143624 0.9696407 0.0189207 0.0163555 0.0242050 -0.0111598 -0.0083113 -0.0043632 -0.0103575 -0.0111556 -0.0154769 -0.0090600 -0.0160928 -0.0157800 -0.0027241 -0.0138698 -0.0108032 -0.0160905 -0.0076625 -0.0111099 -0.0090427 -0.0047977 -0.0108181 -0.0132807 -0.0115169 -0.0084759 -0.0081460 -0.0095791 -0.0178637 -0.0022194 -0.0059311 -0.0115140 -0.0031109 -0.0079816 -0.0127900 -0.0151043 -0.0131740 -0.0104481 -0.0159391 -0.0176457 -0.0101387 -0.0136053 -0.0106597 -0.0117132 -0.0073389 -0.0112172 -0.0145784 -0.0122631 -0.0193830 -0.0150173 -0.0076109 -0.0100601 -0.0082082 -0.0076594 -0.0060572 -0.0058965 -0.0182498 -0.0097395 -0.0012885 -0.0130865 -0.0065587 -0.0074362 -0.0103370 -0.0098458 -0.0049887 -0.0109248 -0.0150745 0.0004462 -0.0065606 -0.0036769 -0.0147040 -0.0150174 -0.0052792 -0.0034967 -0.0029109 -0.0068485 0.0052444 0.0055490 0.0074478 0.0072866 0.0076510 0.0065612 0.0061548 0.0067384 0.0056174 0.0057069 0.0042029 0.0038051 0.0053077 0.0025779 0.0041620 0.0042978 0.0002844 0.0038643
0.0247178 0.0238234 0.0229628 0.0217077 0.0229623 0.0220369 0.0228997 0.0248566 0.0216634 0.0203574 0.0198460 0.0224800 0.0225451 0.0232129 0.0268826 0.0226500 0.0069351 0.0186201 0.0211737 0.0258373 0.0189207 0.9415615 0.0213478 0.0275295 0.0047193 0.0104389 0.0092493 0.0116974 0.0047039 0.0034388 0.0067971 0.0042651 0.0059970 0.0125623 0.0049012 0.0095294 0.0062648 0.0103042 0.0036316 0.0100280 0.0037909 -0.0009813 0.0046472 0.0039534 0.0085234 0.0037996 0.0015431 0.0043961 -0.0026825 -0.0001445 0.0052554 -0.0016980 0.0086995 0.0004503 -0.0025628 -0.0084868 -0.0089246 0.0025660 0.0066947 0.0056169 -0.0010113 0.0023247 0.0028888 0.0007577 -0.0051424 -0.0022161 -0.0050369 0.0044219 -0.0065864 0.0056542 -0.0096509 -0.0069072 -0.0047448 0.0064406 0.0023231 -0.0001984 -0.0005951 0.0010177 0.0109978 -0.0164054 -0.0237622 -0.0054304 -0.0077692 0.0051425 -0.0136328 -0.0007733 -0.0294076 -0.0028821 -0.0147848 -0.0050457 -0.0041164 -0.0011255 -0.0176137 -0.0079065 -0.0235805 -0.0630885 -0.0646473 -0.0642459 -0.0613584 -0.0617647 -0.0628079 -0.0606801 -0.0625010 -0.0641874 -0.0636571 -0.0633832 -0.0636609 -0.0627689 -0.0650659 -0.0632340 -0.0670236 -0.0666543 -0.0663692
0.0033429 0.0051603 0.0037723 0.0047167 0.0050495 0.0037968 0.0049154 0.0049151 0.0065027 0.0049958 0.0049723 0.0058360 0.0048389 0.0040444 0.0048631 0.0047454 0.0119606 0.0171155 0.0139145 0.0307476 0.0163555 0.0213478 0.9460896 0.0218846 -0.0041293 -0.0079365 -0.0070047 -0.0067848 -0.0067286 -0.0071642 -0.0029793 -0.0076715 -0.0063182 0.0014771 -0.0072913 -0.0073115 -0.0071619 -0.0054452 -0.0086390 -0.0060732 -0.0012787 -0.0070824 -0.0072508 -0.0049162 -0.0075524 -0.0036330 -0.0089296 -0.0063867 -0.0097174 -0.0040195 -0.0006759 -0.0041791 -0.0063860 -0.0056649 -0.0097680 -0.0098189 -0.0142190 0.0005692 -0.0052031 -0.0031205 -0.0109246 -0.0093985 -0.0077464 -0.0125569 -0.0105470 -0.0057211 -0.0113040 -0.0072007 -0.0129312 -0.0045673 -0.0161637 -0.0089752 -0.0114436 0.0021853 -0.0063308 -0.0124769 -0.0075790 -0.0116849 -0.0040738 -0.0049513 -0.0160192 -0.0060205 -0.0091766 -0.0004702 -0.0075434 -0.0063183 -0.0147101 0.0029531 -0.0044446 -0.0134570 -0.0127163 -0.0089808 -0.0100784 -0.0111513 -0.0069446 -0.0116968 -0.0121234 -0.0134924 -0.0081790 -0.0117782 -0.0088997 -0.0102703 -0.0104472 -0.0115419 -0.0110433 -0.0131765 -0.0140268 -0.0116440 -0.0125762 -0.0124401 -0.0139315 -0.0159783 -0.0110828
0.0147732 0.0099100 0.0101693 0.0130070 0.0112718 0.0105422 0.0072975 0.0074221 0.0108636 0.0123759 0.0094179 0.0091110 0.0095936 0.0117485 0.0106252 0.0115642 0.0277195 0.0192471 0.0213844 0.0187556 0.0242050 0.0275295 0.0218846 0.9425921 0.0038255 0.0077941 0.0004004 0.0052610 0.0007485 -0.0008525 -0.0001908 0.0015144 -0.0015670 0.0072242 -0.0047347 0.0035637 0.0029294 0.0058635 0.0035339 0.0002282 0.0048613 -0.0027383 -0.0025199 -0.0001221 0.0042643 0.0037005 0.0027049 -0.0056363 -0.0079001 -0.0017066 0.0027540 0.0003599 -0.0047166 -0.0018387 0.0025738 -0.0090472 -0.0053700 -0.0045382 -0.0028416 -0.0073574 0.0006470 -0.0024809 -0.0017830 -0.0064675 -0.0063564 -0.0071248 -0.0067512 -0.0054884 -0.0040158 0.0054657 -0.0050215 -0.0012786 -0.0019994 -0.0014391 -0.0013752 -0.0019228 0.0000998 -0.0016418 -0.0080536 -0.0131871 -0.0223076 -0.0074239 -0.0027022 -0.0025991 -0.0039530 -0.0078524 -0.0181210 -0.0084075 -0.0157007 -0.0042616 -0.0046388 -0.0069143 -0.0143533 -0.0070979 -0.0153198 -0.0396974 -0.0398703 -0.0411051 -0.0372595 -0.0367478 -0.0373371 -0.0366648 -0.0371612 -0.0380155 -0.0398703 -0.0398932 -0.0386797 -0.0427750 -0.0413988 -0.0404959 -0.0411035 -0.0429078 -0.0412737
0.0763275 0.0776777 0.0768312 0.0772829 0.0794762 0.0803381 0.0795792 0.0802664 0.0803642 0.0765184 0.0749838 0.0755884 0.0765174 0.0779400 0.0760677 0.0795046 -0.0108525 0.0078594 0.0065988 -0.0028776 -0.0111598 0.0047193 -0.0041293 0.0038255 0.8477594 0.0749549 0.0783421 0.0874642 0.0993745 0.1102080 0.1121032 0.0918680 0.0824333 0.0588401 0.0655142 0.0818351 0.0705760 0.0698877 0.0717724 0.0772823 0.0535426 0.0553742 0.0688094 0.0555105 0.0630791 0.0679408 0.0552459 0.0551904 -0.0041656 0.0401998 0.0264381 0.0175729 0.0280020 0.0379051 0.0345821 0.0222656 0.0204175 0.0227261 0.0612187 0.0339631 0.0603575 0.0504900 0.0506204 0.0545992 0.0438057 0.0533914 0.0367605 0.0566660 0.0427063 0.0652658 0.0388426 0.0137485 0.0140078 0.0377527 0.0359144 0.0397483 0.0234984 0.0070797 0.0206474 -0.0420540 -0.0560463 0.0293753 0.0308672 0.0394011 -0.0107083 0.0167550 -0.1115867 0.0232518 -0.0132978 0.0062295 0.0049545 0.0348578 -0.0658315 0.0223376 -0.0860543 -0.2617737 -0.2671978 -0.2624072 -0.2621307 -0.2611198 -0.2609299 -0.2602682 -0.2649401 -0.2646222 -0.2692564 -0.2682526 -0.2681519 -0.2707412 -0.2708600 -0.2711346 -0.2677863 -0.2716286 -0.2697336
0.0748615 0.0764666 0.0765046 0.0738538 0.0760920 0.0784356 0.0783835 0.0800483 0.0755422 0.0742757 0.0731008 0.0724963 0.0746423 0.0699876 0.0758988 0.0804326 -0.0109475 0.0006264 0.0064892 -0.0046183 -0.0083113 0.0104389 -0.0079365 0.0077941 0.0749549 0.8544971 0.1079502 0.0646323 0.0793923 0.0722811 0.0824933 0.0738424 0.0826074 0.0582156 0.0619775 0.0818743 0.0672383 0.0685466 0.0721621 0.0764086 0.0527295 0.0583957 0.0637075 0.0510304 0.0562722 0.0687393 0.0569065 0.0543644 -0.0001943 0.0476188 0.0310479 0.0163009 0.0381478 0.0436492 0.0467342 0.0165194 0.0214130 0.0260469 0.0620195 0.0367055 0.0722381 0.0573362 0.0568249 0.0528319 0.0436277 0.0504802 0.0321325 0.0547946 0.0358247 0.0631421 0.0352613 0.0131197 0.0203234 0.0413412 0.0413299 0.0332926 0.0263589 0.0037299 0.0269630 -0.0379182 -0.0504444 0.0344560 0.0264573 0.0409291 -0.0032501 0.0251349 -0.1178048 0.0225510 -0.0144973 0.0068449 0.0070811 0.0366148 -0.0594188 0.0191719 -0.0798236 -0.2546434 -0.2613622 -0.2588324 -0.2550780 -0.2569753 -0.2549058 -0.2586977 -0.2595935 -0.2596523 -0.2635668 -0.2626171 -0.2635909 -0.2635144 -0.2624061 -0.2668450 -0.2639370 -0.2643510 -0.2644036
0.0750637 0.0783816 0.0805225 0.0773010 0.0799710 0.0798832 0.0807001 0.0803111 0.0788795 0.0753462 0.0756430 0.0770862 0.0803040 0.0747813 0.0802427 0.0816410 -0.0118117 0.0043110 0.0090469 -0.0040526 -0.0043632 0.0092493 -0.0070047 0.0004004 0.0783421 0.1079502 0.8509198 0.0713125 0.0761139 0.0821704 0.0817668 0.0801383 0.0794463 0.0586774 0.0634590 0.0768014 0.0724567 0.0679239 0.0726433 0.0765265 0.0546087 0.0581200 0.0676642 0.0563502 0.0589481 0.0657883 0.0589086 0.0559462 -0.0030702 0.0447682 0.0248587 0.0197033 0.0324356 0.0362376 0.0400685 0.0153274 0.0200347 0.0291249 0.0614366 0.0418747 0.0681788 0.0567487 0.0561325 0.0592403 0.0494189 0.0478856 0.0362946 0.0558699 0.0387742 0.0669410 0.0432558 0.0137733 0.0131928 0.0409568 0.0417783 0.0380195 0.0232506 0.0037629 0.0255352 -0.0482692 -0.0543468 0.0350888 0.0286466 0.0372069 -0.0007691 0.0211779 -0.1109245 0.0203577 -0.0135145 0.0049217 0.0042806 0.0346006 -0.0606072 0.0250831 -0.0786500 -0.2610354 -0.2664956 -0.2629947 -0.2592118 -0.2616106 -0.2588107 -0.2615235 -0.2622504 -0.2642673 -0.2668928 -0.2663977 -0.2685878 -0.2680452 -0.2683336 -0.2696578 -0.2671063 -0.2697669 -0.2680901
0.0637757 0.0668911 0.0713437 0.0695159 0.0687294 0.0690739 0.0711956 0.0707067 0.0711378 0.0696809 0.0697476 0.0694013 0.0695108 0.0695842 0.0693940 0.0700572 -0.0052724 0.0035321 0.0037400 -0.0046002 -0.0103575 0.0116974 -0.0067848 0.0052610 0.0874642 0.0646323 0.0713125 0.8600088 0.0993196 0.0823220 0.0822121 0.0905663 0.0649505 0.0533469 0.0550337 0.0731690 0.0673755 0.0634439 0.0661040 0.0592673 0.0566311 0.0554801 0.0634742 0.0498656 0.0533541 0.0678162 0.0634396 0.0545852 -0.0060794 0.0373610 0.0318323 0.0180315 0.0342555 0.0433504 0.0367782 0.0113545 0.0207105 0.0208870 0.0575053 0.0289054 0.0612174 0.0523635 0.0529393 0.0501723 0.0399254 0.0452714 0.0260024 0.0550795 0.0363163 0.0614389 0.0317959 0.0157681 0.0230847 0.0321282 0.0336193 0.0317946 0.0202104 0.0015930 0.0180701 -0.0419064 -0.0490804 0.0276107 0.0257177 0.0332446 -0.0078007 0.0172963 -0.1029306 0.0188049 -0.0212928 0.0033962 0.0035270 0.0247709 -0.0639948 0.0174106 -0.0778223 -0.2385797 -0.2434156 -0.2423706 -0.2371209 -0.2370313 -0.2363130 -0.2388164 -0.2410272 -0.2431191 -0.2475498 -0.2443072 -0.2454958 -0.2464835 -0.2446453 -0.2479475 -0.2448745 -0.2482045 -0.2477737
0.0697113 0.0727760 0.0725511 0.0718360 0.0726691 0.0747481 0.0741537 0.0743189 0.0738968 0.0715378 0.0730991 0.0719584 0.0734425 0.0734569 0.0734974 0.0763692 -0.0125933 0.0082730 0.0049061 -0.0052275 -0.0111556 0.0047039 -0.0067286 0.0007485 0.0993745 0.0793923 0.0761139 0.0993196 0.8545842 0.0920890 0.0887969 0.0987234 0.0713608 0.0562102 0.0579264 0.0736778 0.0649311 0.0679480 0.0709582 0.0673497 0.0537678 0.0481943 0.0628201 0.0516821 0.0535171 0.0631155 0.0528645 0.0537901 0.0068445 0.0395650 0.0305773 0.0087676 0.0348319 0.0426004 0.0385162 0.0159250 0.0196998 0.0277449 0.0594912 0.0322778 0.0676386 0.0559325 0.0555702 0.0554355 0.0416198 0.0505106 0.0327058 0.0532236 0.0353782 0.0630770 0.0351941 0.0156176 0.0168230 0.0386289 0.0361919 0.0327558 0.0222707 0.0029911 0.0249457 -0.0403035 -0.0487665 0.0320314 0.0230494 0.0369517 -0.0082718 0.0133003 -0.1091340 0.0155175 -0.0155014 0.0075450 0.0077760 0.0293806 -0.0634353 0.0183027 -0.0793674 -0.2466920 -0.2537527 -0.2507975 -0.2484408 -0.2488338 -0.2474007 -0.2495267 -0.2525468 -0.2526462 -0.2553812 -0.2565947 -0.2551606 -0.2567965 -0.2565078 -0.2577602 -0.2565862 -0.2578893 -0.2574479
0.0718784 0.0750674 0.0777997 0.0740236 0.0760911 0.0783558 0.0797570 0.0772638 0.0778385 0.0734931 0.0737218 0.0730975 0.0754033 0.0724033 0.0757404 0.0777136 -0.0107903 0.0029009 0.0028068 -0.0067551 -0.0154769 0.0034388 -0.0071642 -0.0008525 0.1102080 0.0722811 0.0821704 0.0823220 0.0920890 0.8532414 0.1098866 0.0886745 0.0719033 0.0584232 0.0638810 0.0775055 0.0715680 0.0781005 0.0705510 0.0749514 0.0532077 0.0572197 0.0718991 0.0559962 0.0621668 0.0669804 0.0591648 0.0650479 -0.0004045 0.0398430 0.0264088 0.0183727 0.0340387 0.0401601 0.0466280 0.0168410 0.0174712 0.0251034 0.0597554 0.0324071 0.0700380 0.0589122 0.0597904 0.0591512 0.0425306 0.0524725 0.0353889 0.0657297 0.0431106 0.0699283 0.0398800 0.0133411 0.0208065 0.0352647 0.0328464 0.0449675 0.0206295 0.0056898 0.0246384 -0.0443840 -0.0513707 0.0358236 0.0296124 0.0369271 -0.0054266 0.0217361 -0.1143818 0.0215363 -0.0173217 0.0079258 0.0077291 0.0330572 -0.0629701 0.0213570 -0.0844673 -0.2590194 -0.2663113 -0.2621149 -0.2601171 -0.2604923 -0.2586352 -0.2603220 -0.2626903 -0.2629803 -0.2671897 -0.2669032 -0.2670276 -0.2664988 -0.2686945 -0.2678376 -0.2677066 -0.2697749 -0.2687030
0.0805316 0.0825381 0.0862646 0.0809874 0.0857543 0.0818854 0.0852412 0.0852499 0.0833878 0.0799119 0.0814593 0.0809061 0.0822871 0.0787154 0.0837989 0.0860356 -0.0141827 0.0036726 0.0044869 -0.0089926 -0.0090600 0.0067971 -0.0029793 -0.0001908 0.1121032 0.0824933 0.0817668 0.0822121 0.0887969 0.1098866 0.8521498 0.0910164 0.0831847 0.0631057 0.0675017 0.0870670 0.0776058 0.0802591 0.0810426 0.0814668 0.0616352 0.0600258 0.0754187 0.0587200 0.0651798 0.0783140 0.0617011 0.0659937 -0.0075012 0.0507819 0.0319690 0.0260677 0.0389821 0.0435519 0.0488975 0.0218366 0.0176702 0.0257124 0.0735792 0.0362465 0.0694707 0.0584273 0.0586529 0.0548704 0.0477085 0.0545652 0.0386776 0.0667804 0.0432666 0.0775016 0.0404444 0.0121039 0.0201067 0.0442898 0.0424778 0.0391718 0.0248614 0.0044111 0.0254760 -0.0454181 -0.0574522 0.0343264 0.0300699 0.0424698 -0.0089895 0.0209858 -0.1180477 0.0244600 -0.0159047 0.0106215 0.0104092 0.0371284 -0.0713487 0.0322075 -0.0908298 -0.2784925 -0.2845652 -0.2791325 -0.2784304 -0.2783549 -0.2762047 -0.2794082 -0.2809684 -0.2828063 -0.2851171 -0.2854597 -0.2852275 -0.2855033 -0.2866365 -0.2861187 -0.2868206 -0.2875049 -0.2859697
0.0691007 0.0740080 0.0731166 0.0715318 0.0735212 0.0721847 0.0753233 0.0753481 0.0756670 0.0716255 0.0701965 0.0717905 0.0733505 0.0713429 0.0711231 0.0778052 -0.0168998 0.0013107 0.0009689 -0.0082141 -0.0160928 0.0042651 -0.0076715 0.0015144 0.0918680 0.0738424 0.0801383 0.0905663 0.0987234 0.0886745 0.0910164 0.8518621 0.0769446 0.0557123 0.0561091 0.0795026 0.0685950 0.0668330 0.0724937 0.0662642 0.0503826 0.0540119 0.0631075 0.0510881 0.0555626 0.0670797 0.0571465 0.0544014 -0.0042127 0.0429218 0.0255012 0.0208779 0.0289799 0.0443035 0.0421966 0.0203689 0.0188053 0.0281111 0.0560753 0.0371620 0.0646477 0.0591515 0.0593363 0.0508034 0.0403702 0.0479224 0.0382258 0.0547736 0.0386594 0.0656428 0.0440874 0.0154433 0.0190763 0.0331042 0.0325568 0.0407599 0.0249608 0.0047985 0.0206304 -0.0397134 -0.0493161 0.0313012 0.0233907 0.0351711 -0.0058228 0.0175458 -0.1055794 0.0159056 -0.0124737 -0.0017880 -0.0012351 0.0291209 -0.0577583 0.0288670 -0.0787778 -0.2491810 -0.2538896 -0.2499646 -0.2485513 -0.2476156 -0.2474428 -0.2493066 -0.2513591 -0.2520369 -0.2545892 -0.2548751 -0.2564892 -0.2569408 -0.2576684 -0.2579018 -0.2569784 -0.2582541 -0.2563397
0.0805928 0.0801340 0.0840636 0.0814433 0.0834916 0.0852551 0.0858312 0.0871561 0.0845002 0.0826830 0.0811111 0.0819860 0.0849348 0.0788132 0.0832573 0.0906304 -0.0153671 0.0045553 0.0034641 -0.0057358 -0.0157800 0.0059970 -0.0063182 -0.0015670 0.0824333 0.0826074 0.0794463 0.0649505 0.0713608 0.0719033 0.0831847 0.0769446 0.8511251 0.0635064 0.0746382 0.0944761 0.0752922 0.0848848 0.0894458 0.0878783 0.0599614 0.0660280 0.0775153 0.0619247 0.0666799 0.0695195 0.0598917 0.0700187 0.0001238 0.0572747 0.0355443 0.0200322 0.0404019 0.0454019 0.0473977 0.0225336 0.0236376 0.0291720 0.0742903 0.0381730 0.0735314 0.0634506 0.0623672 0.0624046 0.0520807 0.0585853 0.0435252 0.0687129 0.0442593 0.0723005 0.0437800 0.0177726 0.0185886 0.0494408 0.0433454 0.0413541 0.0300593 0.0086337 0.0276925 -0.0421756 -0.0523104 0.0357466 0.0306008 0.0423134 -0.0038789 0.0293723 -0.1218529 0.0296970 -0.0112959 0.0096372 0.0092086 0.0376746 -0.0690885 0.0211975 -0.0789120 -0.2825072 -0.2848565 -0.2835407 -0.2821170 -0.2815453 -0.2795927 -0.2815353 -0.2848581 -0.2854725 -0.2898743 -0.2889000 -0.2897139 -0.2896237 -0.2905647 -0.2908053 -0.2885615 -0.2897963 -0.2901348
0.0625261 0.0648097 0.0658118 0.0630007 0.0653300 0.0650000 0.0673486 0.0669782 0.0656473 0.0636187 0.0628047 0.0642195 0.0651981 0.0637240 0.0641930 0.0646789 -0.0027021 0.0099491 0.0096689 0.0028825 -0.0027241 0.0125623 0.0014771 0.0072242 0.0588401 0.0582156 0.0586774 0.0533469 0.0562102 0.0584232 0.0631057 0.0557123 0.0635064 0.9223504 0.0515611 0.0630618 0.0559265 0.0563136 0.0594775 0.0584949 0.0457575 0.0463490 0.0543560 0.0438980 0.0485123 0.0535595 0.0470080 0.0495794 0.0022590 0.0389796 0.0278259 0.0158704 0.0301704 0.0327036 0.0357233 0.0163907 0.0181943 0.0219680 0.0518448 0.0303997 0.0548275 0.0475416 0.0474605 0.0437031 0.0374055 0.0424744 0.0310373 0.0503209 0.0324524 0.0522293 0.0326657 0.0137655 0.0166656 0.0355498 0.0336700 0.0308649 0.0229088 0.0078728 0.0233141 -0.0315507 -0.0370623 0.0273143 0.0239601 0.0327630 -0.0006573 0.0190426 -0.0836226 0.0206391 -0.0082570 0.0120314 0.0116302 0.0294547 -0.0459931 0.0201524 -0.0598622 -0.2003860 -0.2042449 -0.2018946 -0.2005050 -0.2002534 -0.1981767 -0.2003384 -0.2022771 -0.2035695 -0.2068245 -0.2058514 -0.2071944 -0.2066909 -0.2077701 -0.2084250 -0.2072396 -0.2090945 -0.2076442
